Multiple size <= 100
TEST 1 ARG:11 78 99 98 88 71 32 34 45 3 18 49 38 2 77 57 41 37 43 50 91 70 97 54 63 64 4 79 96 6 90 84 93 44 33 16 73 92 62 42 72 21 35 65 15 23 12 68 9 56 94 48 61 69 7 58 24 25 82 55 31 0 22 40 20 52 39 87 27 85 8 51 10 36 46 80 83 74 5 29 60 19 53 13 66 59 26 28 14 76 47 75 17 95 81 89 86 67 1 30
TEST 2 ARG:30 86 47 99 45 28 5 33 11 79 61 65 58 52 46 68 20 66 1 12 31 40 72 98 92 34 8 93 48 82 44 14 23 77 67 9 59 38 96 29 39 60 6 75 56 32 88 27 24 16 49 53 69 7 25 35 15 85 71 54 13 70 62 87 17 10 76 83 37 74 73 90 22 43 95 18 0 42 26 64 50 81 91 94 36 21 57 63 84 78 19 89 97 51 41 55 80 4 3 2
TEST 2 ARG:30 86 47 99 45 28 5 33 11 79 61 65 58 52 46 68 20 66 1 12 31 40 72 98 92 34 8 93 48 82 44 14 23 77 67 9 59 38 96 29 39 60 6 75 56 32 88 27 24 16 49 53 69 7 25 35 15 85 71 54 13 70 62 87 17 10 76 83 37 74 73 90 22 43 95 18 0 42 26 64 50 81 91 94 36 21 57 63 84 78 19 89 97 51 41 55 80 4 3 2
TEST 3 ARG:11 65 17 59 85 15 1 62 76 27 22 31 29 73 60 19 28 67 89 92 91 46 38 44 95 77 50 63 58 40 53 0 33 7 45 5 6 13 35 21 24 48 84 42 82 43 83 79 54 66 51 16 70 41 25 90 56 49 3 61 72 23 18 9 30 69 39 47 68 12 2 78 10 52 81 97 34 57 99 8 88 96 26 94 64 98 55 87 14 20 86 36 37 75 4 80 71 93 74 32
TEST 4 ARG:23 10 5 60 9 67 14 30 93 33 7 91 98 46 66 84 17 41 74 40 16 29 38 71 52 2 49 57 79 37 65 39 56 62 47 82 54 3 6 27 34 45 63 8 73 19 77 11 36 99 32 78 31 83 90 94 26 76 70 92 1 35 13 44 68 58 48 89 86 97 28 81 0 87 4 18 24 80 21 64 51 43 61 96 95 85 88 12 42 50 25 22 59 55 75 53 69 15 72 20
TEST 4 ARG:23 10 5 60 9 67 14 30 93 33 7 91 98 46 66 84 17 41 74 40 16 29 38 71 52 2 49 57 79 37 65 39 56 62 47 82 54 3 6 27 34 45 63 8 73 19 77 11 36 99 32 78 31 83 90 94 26 76 70 92 1 35 13 44 68 58 48 89 86 97 28 81 0 87 4 18 24 80 21 64 51 43 61 96 95 85 88 12 42 50 25 22 59 55 75 53 69 15 72 20
TEST 5 ARG:13 55 61 69 47 89 93 44 31 76 64 74 29 78 34 60 75 1 25 80 0 26 7 92 88 62 52 12 33 35 48 71 82 18 28 96 24 9 99 16 45 83 57 22 70 79 40 66 73 87 3 23 32 58 77 54 84 72 90 56 65 39 36 38 86 17 21 41 8 94 27 95 68 91 6 11 63 37 46 5 2 59 50 10 51 97 14 30 4 49 19 98 67 85 53 20 42 15 81 43
TEST 5 ARG:13 55 61 69 47 89 93 44 31 76 64 74 29 78 34 60 75 1 25 80 0 26 7 92 88 62 52 12 33 35 48 71 82 18 28 96 24 9 99 16 45 83 57 22 70 79 40 66 73 87 3 23 32 58 77 54 84 72 90 56 65 39 36 38 86 17 21 41 8 94 27 95 68 91 6 11 63 37 46 5 2 59 50 10 51 97 14 30 4 49 19 98 67 85 53 20 42 15 81 43
TEST 6 ARG:15 82 78 3 29 86 77 36 64 35 76 54 4 11 19 92 65 41 14 66 43 31 51 97 1 81 98 57 52 5 90 6 72 21 73 94 68 96 58 40 2 23 61 13 30 33 27 74 85 71 0 70 55 95 49 32 17 39 20 9 10 53 80 48 12 60 16 50 62 22 89 47 56 37 83 93 99 34 59 69 84 63 91 38 8 46 75 24 28 26 67 25 18 45 44 87 88 79 42 7
TEST 6 ARG:15 82 78 3 29 86 77 36 64 35 76 54 4 11 19 92 65 41 14 66 43 31 51 97 1 81 98 57 52 5 90 6 72 21 73 94 68 96 58 40 2 23 61 13 30 33 27 74 85 71 0 70 55 95 49 32 17 39 20 9 10 53 80 48 12 60 16 50 62 22 89 47 56 37 83 93 99 34 59 69 84 63 91 38 8 46 75 24 28 26 67 25 18 45 44 87 88 79 42 7
TEST 7 ARG:87 11 34 93 52 50 26 9 76 44 45 83 22 47 40 38 58 60 71 95 6 91 56 96 14 90 41 0 1 31 74 53 32 72 94 66 67 23 7 51 10 39 92 65 2 28 12 81 77 59 63 62 80 85 49 27 57 70 69 75 64 13 20 48 79 88 73 42 29 46 5 33 84 8 36 82 98 86 21 35 97 78 24 15 89 54 17 19 68 37 3 18 61 30 25 99 16 4 55 43
TEST 7 ARG:87 11 34 93 52 50 26 9 76 44 45 83 22 47 40 38 58 60 71 95 6 91 56 96 14 90 41 0 1 31 74 53 32 72 94 66 67 23 7 51 10 39 92 65 2 28 12 81 77 59 63 62 80 85 49 27 57 70 69 75 64 13 20 48 79 88 73 42 29 46 5 33 84 8 36 82 98 86 21 35 97 78 24 15 89 54 17 19 68 37 3 18 61 30 25 99 16 4 55 43
TEST 8 ARG:35 4 14 92 10 99 46 97 70 25 8 40 24 52 56 34 13 64 87 90 67 17 63 69 93 48 27 0 68 9 44 76 77 61 98 82 3 39 38 86 42 22 94 11 18 85 43 65 23 19 62 6 49 91 96 2 15 53 5 80 1 66 83 29 79 84 30 47 73 41 55 45 78 60 33 58 57 50 12 81 26 71 16 59 37 32 54 36 75 72 31 88 74 7 21 95 28 89 20 51
TEST 8 ARG:35 4 14 92 10 99 46 97 70 25 8 40 24 52 56 34 13 64 87 90 67 17 63 69 93 48 27 0 68 9 44 76 77 61 98 82 3 39 38 86 42 22 94 11 18 85 43 65 23 19 62 6 49 91 96 2 15 53 5 80 1 66 83 29 79 84 30 47 73 41 55 45 78 60 33 58 57 50 12 81 26 71 16 59 37 32 54 36 75 72 31 88 74 7 21 95 28 89 20 51
TEST 9 ARG:38 45 21 56 13 17 35 42 62 28 68 5 66 43 52 15 44 6 80 86 22 40 94 87 54 48 32 37 77 12 46 95 10 9 72 58 74 55 49 36 60 30 31 90 14 99 18 11 98 24 97 39 88 57 96 2 78 75 61 4 33 67 64 92 81 89 63 23 79 85 76 59 65 70 29 84 8 53 25 3 91 34 73 0 82 27 50 19 16 26 20 69 83 93 1 51 41 71 47 7
TEST 9 ARG:38 45 21 56 13 17 35 42 62 28 68 5 66 43 52 15 44 6 80 86 22 40 94 87 54 48 32 37 77 12 46 95 10 9 72 58 74 55 49 36 60 30 31 90 14 99 18 11 98 24 97 39 88 57 96 2 78 75 61 4 33 67 64 92 81 89 63 23 79 85 76 59 65 70 29 84 8 53 25 3 91 34 73 0 82 27 50 19 16 26 20 69 83 93 1 51 41 71 47 7
TEST 10 ARG:34 33 27 48 23 44 63 83 15 5 3 35 89 69 4 75 87 88 17 8 40 78 62 74 95 90 39 18 71 7 43 82 60 22 84 68 30 28 93 2 25 92 16 61 54 70 32 26 1 99 46 42 53 45 10 73 57 29 36 80 12 65 38 47 86 50 9 67 0 81 91 72 77 41 56 51 52 19 94 79 11 97 98 24 20 85 49 64 55 21 58 59 6 13 14 31 66 37 76 96
TEST 11 ARG:69 18 52 80 6 77 95 19 2 5 37 70 13 99 30 72 92 48 91 41 31 83 96 39 25 86 56 45 27 1 79 68 36 88 82 65 44 60 20 75 67 53 59 29 12 71 35 26 84 15 33 11 51 0 10 22 43 62 64 81 94 23 97 54 49 89 55 90 32 50 58 38 63 47 61 87 21 46 3 74 42 34 17 73 76 57 78 85 93 40 9 4 16 7 8 66 24 98 14 28
TEST 12 ARG:0 91 24 89 23 90 29 84 37 99 81 92 13 46 16 8 34 9 2 61 97 55 80 6 85 66 3 96 45 75 11 27 43 12 54 47 42 30 14 51 44 28 87 41 15 7 57 94 83 20 82 17 56 77 67 32 5 38 93 60 48 74 88 18 65 70 31 21 33 26 58 35 68 40 76 25 69 72 98 22 49 73 63 79 95 53 59 52 86 39 64 19 4 1 10 62 50 36 78 71
TEST 12 ARG:0 91 24 89 23 90 29 84 37 99 81 92 13 46 16 8 34 9 2 61 97 55 80 6 85 66 3 96 45 75 11 27 43 12 54 47 42 30 14 51 44 28 87 41 15 7 57 94 83 20 82 17 56 77 67 32 5 38 93 60 48 74 88 18 65 70 31 21 33 26 58 35 68 40 76 25 69 72 98 22 49 73 63 79 95 53 59 52 86 39 64 19 4 1 10 62 50 36 78 71
TEST 13 ARG:43 78 95 33 23 24 11 47 96 36 87 41 28 39 50 55 89 84 17 53 56 70 19 60 83 20 40 71 4 59 0 45 8 92 97 74 42 75 98 37 79 27 18 38 93 64 86 44 67 32 25 12 80 85 7 6 58 88 63 57 91 1 61 82 62 48 68 22 10 14 2 5 15 30 31 76 13 69 73 21 49 9 77 54 16 65 81 94 99 29 35 46 52 90 3 26 72 51 66 34
TEST 14 ARG:85 4 76 84 31 28 60 35 99 13 42 8 77 11 50 10 45 21 39 22 47 95 44 87 78 59 18 71 56 64 55 46 51 97 80 82 0 52 5 23 62 93 29 58 25 48 72 2 91 12 16 83 1 65 98 70 7 38 90 96 81 30 26 69 17 14 27 63 41 34 92 20 57 67 32 53 61 75 33 15 74 49 94 66 86 88 73 79 89 43 37 24 9 40 3 19 54 36 68 6
TEST 14 ARG:85 4 76 84 31 28 60 35 99 13 42 8 77 11 50 10 45 21 39 22 47 95 44 87 78 59 18 71 56 64 55 46 51 97 80 82 0 52 5 23 62 93 29 58 25 48 72 2 91 12 16 83 1 65 98 70 7 38 90 96 81 30 26 69 17 14 27 63 41 34 92 20 57 67 32 53 61 75 33 15 74 49 94 66 86 88 73 79 89 43 37 24 9 40 3 19 54 36 68 6
TEST 15 ARG:34 67 20 90 37 1 71 31 83 84 12 43 2 98 62 22 78 11 16 66 86 25 60 52 5 29 87 82 79 39 18 4 51 99 63 50 91 3 92 14 28 75 36 53 26 95 30 19 93 49 41 94 10 6 89 9 57 76 97 27 0 59 54 32 68 80 7 48 77 42 44 96 15 70 64 58 17 47 33 38 81 21 56 88 8 46 85 69 24 65 13 35 45 23 73 74 40 55 72 61
TEST 15 ARG:34 67 20 90 37 1 71 31 83 84 12 43 2 98 62 22 78 11 16 66 86 25 60 52 5 29 87 82 79 39 18 4 51 99 63 50 91 3 92 14 28 75 36 53 26 95 30 19 93 49 41 94 10 6 89 9 57 76 97 27 0 59 54 32 68 80 7 48 77 42 44 96 15 70 64 58 17 47 33 38 81 21 56 88 8 46 85 69 24 65 13 35 45 23 73 74 40 55 72 61
TEST 16 ARG:21 9 43 95 68 49 67 71 40 59 82 32 20 7 2 33 93 57 84 66 34 51 86 28 80 37 48 54 63 58 55 75 10 30 14 31 44 16 18 64 23 45 85 29 5 62 97 11 52 56 39 72 79 92 88 4 19 13 8 53 15 60 46 91 24 0 98 27 6 26 41 38 78 65 17 12 74 90 35 25 96 61 1 47 3 77 73 69 83 87 99 36 70 89 50 42 94 76 81 22
TEST 17 ARG:6 50 47 9 83 53 82 17 44 68 19 66 29 74 70 4 27 65 31 0 45 99 69 40 1 8 13 57 86 96 12 91 84 37 28 35 14 62 23 22 41 24 90 73 32 85 76 34 61 72 51 89 71 94 42 38 18 49 60 43 11 79 55 20 88 21 16 97 10 25 75 87 36 30 5 81 58 78 80 92 54 93 67 64 63 39 2 95 15 3 46 59 98 26 52 33 48 56 77 7
TEST 17 ARG:6 50 47 9 83 53 82 17 44 68 19 66 29 74 70 4 27 65 31 0 45 99 69 40 1 8 13 57 86 96 12 91 84 37 28 35 14 62 23 22 41 24 90 73 32 85 76 34 61 72 51 89 71 94 42 38 18 49 60 43 11 79 55 20 88 21 16 97 10 25 75 87 36 30 5 81 58 78 80 92 54 93 67 64 63 39 2 95 15 3 46 59 98 26 52 33 48 56 77 7
TEST 18 ARG:68 91 94 42 9 20 29 38 72 76 57 75 7 14 56 43 35 46 22 26 16 65 59 64 99 62 24 3 44 60 25 88 31 11 95 81 55 58 67 48 17 39 50 83 82 6 34 4 28 19 54 70 47 27 71 84 45 33 12 86 13 78 18 92 93 23 8 30 63 61 66 77 5 87 73 37 40 53 96 51 85 69 1 0 15 80 89 41 21 36 79 90 74 52 97 98 49 10 32 2
TEST 18 ARG:68 91 94 42 9 20 29 38 72 76 57 75 7 14 56 43 35 46 22 26 16 65 59 64 99 62 24 3 44 60 25 88 31 11 95 81 55 58 67 48 17 39 50 83 82 6 34 4 28 19 54 70 47 27 71 84 45 33 12 86 13 78 18 92 93 23 8 30 63 61 66 77 5 87 73 37 40 53 96 51 85 69 1 0 15 80 89 41 21 36 79 90 74 52 97 98 49 10 32 2
TEST 19 ARG:98 40 13 23 56 7 72 89 45 1 35 37 80 33 46 83 61 67 26 43 66 10 52 17 9 73 54 31 84 74 3 53 70 69 0 88 49 91 63 55 75 19 2 4 41 22 24 81 11 87 65 16 78 92 21 42 47 25 50 86 36 68 51 99 28 85 76 38 90 8 96 39 71 5 94 57 44 62 48 82 27 30 12 79 97 6 93 34 77 32 64 18 60 15 20 58 95 14 29 59
TEST 20 ARG:17 8 25 32 86 20 6 9 44 29 63 78 11 97 74 49 34 52 64 70 66 48 12 75 72 81 57 80 14 45 65 89 82 95 15 23 42 5 53 58 30 26 96 90 59 35 50 0 13 4 33 18 19 98 46 69 99 94 84 40 37 51 39 2 67 10 28 24 93 92 56 73 3 71 54 38 31 76 87 60 85 61 27 91 16 77 55 68 1 7 62 47 88 41 83 79 43 22 21 36
TEST 21 ARG:43 21 39 9 91 7 64 35 58 85 59 82 73 45 61 54 57 44 99 27 25 10 63 53 14 75 72 97 67 16 70 26 17 90 11 77 60 24 62 89 8 87 94 13 55 38 28 93 66 2 50 56 33 92 46 47 37 98 71 32 76 0 6 86 34 95 88 96 30 5 19 48 68 74 40 15 84 49 4 1 31 79 52 23 83 22 18 69 80 81 41 78 3 20 65 51 36 42 29 12
TEST 22 ARG:91 73 57 97 80 26 99 79 4 6 30 81 32 23 48 24 53 96 17 45 62 15 2 42 70 52 0 16 77 89 19 14 64 51 28 56 93 65 95 36 78 98 92 1 84 8 41 40 72 3 20 7 82 71 22 35 88 67 46 39 33 75 12 27 5 60 43 55 18 85 74 83 13 68 31 29 58 49 37 63 54 76 21 90 87 69 47 11 66 34 50 59 61 10 94 38 44 25 86 9
TEST 22 ARG:91 73 57 97 80 26 99 79 4 6 30 81 32 23 48 24 53 96 17 45 62 15 2 42 70 52 0 16 77 89 19 14 64 51 28 56 93 65 95 36 78 98 92 1 84 8 41 40 72 3 20 7 82 71 22 35 88 67 46 39 33 75 12 27 5 60 43 55 18 85 74 83 13 68 31 29 58 49 37 63 54 76 21 90 87 69 47 11 66 34 50 59 61 10 94 38 44 25 86 9
TEST 23 ARG:80 15 97 25 74 99 10 47 48 13 56 63 58 26 66 2 16 34 24 23 14 57 7 42 96 46 35 38 52 6 62 40 19 61 5 86 27 68 11 95 8 91 92 82 37 41 90 71 59 60 22 87 98 20 44 81 54 73 4 72 55 83 79 29 39 12 45 94 21 28 85 70 31 17 30 88 3 67 32 77 51 43 84 53 36 33 50 1 18 49 65 69 89 93 78 76 9 75 64 0
TEST 24 ARG:41 32 34 40 0 5 39 94 11 57 6 44 70 30 73 52 89 28 72 45 24 27 50 78 75 88 58 26 59 37 51 18 3 20 42 12 97 99 56 21 53 82 31 22 54 49 95 36 17 55 38 86 90 14 98 84 8 13 4 79 92 48 33 23 47 87 16 25 60 35 2 85 71 67 81 7 64 29 68 15 19 93 83 76 96 1 61 74 66 62 77 46 91 63 69 65 9 10 43 80
TEST 24 ARG:41 32 34 40 0 5 39 94 11 57 6 44 70 30 73 52 89 28 72 45 24 27 50 78 75 88 58 26 59 37 51 18 3 20 42 12 97 99 56 21 53 82 31 22 54 49 95 36 17 55 38 86 90 14 98 84 8 13 4 79 92 48 33 23 47 87 16 25 60 35 2 85 71 67 81 7 64 29 68 15 19 93 83 76 96 1 61 74 66 62 77 46 91 63 69 65 9 10 43 80
TEST 25 ARG:22 26 72 32 81 62 12 44 97 28 64 98 7 68 6 47 89 50 54 21 36 18 94 90 71 61 96 19 27 57 24 14 10 60 25 5 63 15 1 41 33 13 80 3 46 48 8 53 91 9 17 95 88 70 58 69 87 78 11 49 0 56 66 51 39 31 23 99 93 16 74 45 65 20 30 85 59 43 79 37 55 86 75 34 77 42 83 2 76 38 82 4 35 92 67 84 40 73 29 52
TEST 25 ARG:22 26 72 32 81 62 12 44 97 28 64 98 7 68 6 47 89 50 54 21 36 18 94 90 71 61 96 19 27 57 24 14 10 60 25 5 63 15 1 41 33 13 80 3 46 48 8 53 91 9 17 95 88 70 58 69 87 78 11 49 0 56 66 51 39 31 23 99 93 16 74 45 65 20 30 85 59 43 79 37 55 86 75 34 77 42 83 2 76 38 82 4 35 92 67 84 40 73 29 52
TEST 26 ARG:37 47 42 32 4 92 14 21 35 19 1 11 27 34 5 98 60 44 94 55 86 63 73 46 89 77 58 20 12 75 83 99 80 74 22 36 40 10 33 68 87 62 7 26 3 9 38 41 65 28 64 53 97 88 43 6 49 17 70 45 67 0 29 61 50 15 56 16 30 51 23 76 69 71 78 2 90 13 85 82 96 8 66 54 25 84 93 52 95 24 79 72 81 18 39 48 91 31 59 57
TEST 26 ARG:37 47 42 32 4 92 14 21 35 19 1 11 27 34 5 98 60 44 94 55 86 63 73 46 89 77 58 20 12 75 83 99 80 74 22 36 40 10 33 68 87 62 7 26 3 9 38 41 65 28 64 53 97 88 43 6 49 17 70 45 67 0 29 61 50 15 56 16 30 51 23 76 69 71 78 2 90 13 85 82 96 8 66 54 25 84 93 52 95 24 79 72 81 18 39 48 91 31 59 57
TEST 27 ARG:56 28 8 84 76 46 82 47 11 0 2 5 65 53 24 58 45 18 70 42 51 15 20 59 69 50 86 40 10 41 9 62 75 67 48 21 25 97 6 78 90 54 38 63 68 30 3 83 98 61 71 99 35 37 94 43 95 89 4 64 88 57 29 66 36 85 12 72 23 22 93 44 14 87 26 33 79 34 17 81 91 19 13 39 16 80 96 73 92 32 27 52 55 7 49 31 1 60 77 74
TEST 28 ARG:59 34 76 75 45 53 51 90 54 2 12 60 30 5 97 19 82 22 87 32 47 44 31 92 1 56 11 96 24 21 9 62 18 58 20 23 29 15 83 7 13 39 91 36 52 33 99 85 94 40 38 64 65 98 86 80 57 69 72 3 27 37 26 77 79 17 78 49 6 63 8 50 43 74 41 89 73 88 35 61 68 66 70 25 46 0 55 95 10 48 42 67 71 93 16 4 28 14 84 81
TEST 28 ARG:59 34 76 75 45 53 51 90 54 2 12 60 30 5 97 19 82 22 87 32 47 44 31 92 1 56 11 96 24 21 9 62 18 58 20 23 29 15 83 7 13 39 91 36 52 33 99 85 94 40 38 64 65 98 86 80 57 69 72 3 27 37 26 77 79 17 78 49 6 63 8 50 43 74 41 89 73 88 35 61 68 66 70 25 46 0 55 95 10 48 42 67 71 93 16 4 28 14 84 81
TEST 29 ARG:35 10 85 91 55 68 81 28 59 5 92 78 30 84 50 57 95 19 93 70 3 32 36 61 71 22 38 21 15 43 8 77 6 89 88 33 1 56 64 62 40 99 0 86 60 52 72 20 4 79 73 82 63 44 46 41 69 83 76 49 65 54 18 67 96 31 66 97 80 74 75 53 17 98 94 26 25 23 12 45 47 13 16 11 87 51 2 29 90 9 24 27 34 39 7 14 58 37 48 42
TEST 30 ARG:85 36 70 31 89 29 66 88 62 51 83 71 95 17 92 99 68 48 23 60 72 52 43 64 82 16 74 34 9 28 19 98 91 10 93 54 61 73 42 21 6 90 40 49 24 50 65 79 39 97 0 58 81 11 37 5 41 1 33 56 25 75 3 86 59 26 55 7 63 53 96 15 13 12 47 87 67 84 44 76 18 94 80 45 14 27 57 38 2 78 20 4 35 77 46 22 32 30 8 69
TEST 30 ARG:85 36 70 31 89 29 66 88 62 51 83 71 95 17 92 99 68 48 23 60 72 52 43 64 82 16 74 34 9 28 19 98 91 10 93 54 61 73 42 21 6 90 40 49 24 50 65 79 39 97 0 58 81 11 37 5 41 1 33 56 25 75 3 86 59 26 55 7 63 53 96 15 13 12 47 87 67 84 44 76 18 94 80 45 14 27 57 38 2 78 20 4 35 77 46 22 32 30 8 69
TEST 31 ARG:40 66 21 80 95 51 89 1 67 64 7 54 34 12 28 75 25 22 47 10 5 93 53 90 37 13 29 35 31 88 27 61 62 73 71 68 76 69 99 82 19 58 45 38 44 77 83 23 48 2 65 11 50 52 78 26 49 92 98 57 56 39 36 3 63 18 30 6 86 33 8 59 15 0 32 70 81 4 72 9 87 16 97 24 79 17 94 60 91 42 84 14 96 41 85 55 20 74 43 46
TEST 32 ARG:80 24 95 74 78 7 43 68 65 15 51 58 96 13 84 50 10 76 18 90 97 32 47 16 3 25 70 36 22 23 39 4 42 30 92 59 1 12 77 52 14 85 54 82 48 41 86 67 26 6 87 57 72 0 44 71 64 27 33 99 91 31 94 20 81 34 55 73 83 53 29 8 17 69 35 28 19 5 62 61 63 93 40 2 45 98 88 66 9 38 46 56 79 21 11 37 49 75 60 89
TEST 32 ARG:80 24 95 74 78 7 43 68 65 15 51 58 96 13 84 50 10 76 18 90 97 32 47 16 3 25 70 36 22 23 39 4 42 30 92 59 1 12 77 52 14 85 54 82 48 41 86 67 26 6 87 57 72 0 44 71 64 27 33 99 91 31 94 20 81 34 55 73 83 53 29 8 17 69 35 28 19 5 62 61 63 93 40 2 45 98 88 66 9 38 46 56 79 21 11 37 49 75 60 89
TEST 33 ARG:64 92 82 75 44 49 8 87 47 73 39 56 35 30 16 54 27 88 11 52 95 21 50 72 15 7 12 26 96 1 85 37 23 4 53 89 63 38 57 33 43 34 90 67 71 80 81 29 51 41 48 84 36 9 42 91 69 62 79 94 0 93 19 10 74 28 2 25 61 18 97 40 6 24 55 32 46 58 60 66 77 99 3 98 70 59 17 31 65 45 78 76 22 14 68 20 13 83 86 5
TEST 34 ARG:19 17 24 25 72 27 74 62 80 28 31 77 29 92 55 56 61 91 67 71 32 86 93 59 11 47 82 78 45 10 96 68 73 75 39 50 85 52 88 30 81 90 1 98 2 42 63 83 99 58 0 4 15 14 95 94 18 54 13 51 9 3 76 7 34 66 21 35 48 69 36 8 41 64 12 26 44 79 5 53 43 87 65 40 49 38 97 16 89 57 23 20 6 22 60 70 46 37 33 84
TEST 34 ARG:19 17 24 25 72 27 74 62 80 28 31 77 29 92 55 56 61 91 67 71 32 86 93 59 11 47 82 78 45 10 96 68 73 75 39 50 85 52 88 30 81 90 1 98 2 42 63 83 99 58 0 4 15 14 95 94 18 54 13 51 9 3 76 7 34 66 21 35 48 69 36 8 41 64 12 26 44 79 5 53 43 87 65 40 49 38 97 16 89 57 23 20 6 22 60 70 46 37 33 84
TEST 35 ARG:75 24 89 56 85 12 23 41 99 45 19 97 88 54 93 86 55 44 61 37 10 6 90 11 60 26 74 70 92 43 77 82 52 59 46 73 80 91 25 87 33 69 50 81 16 83 64 76 5 98 62 36 3 27 17 29 47 38 0 8 67 49 14 15 7 51 4 84 34 31 57 9 1 13 96 68 65 48 78 79 39 72 71 40 35 66 21 95 20 94 42 32 63 22 58 18 28 2 30 53
TEST 36 ARG:24 44 86 28 81 80 15 17 59 65 5 38 60 54 0 4 19 32 96 37 85 97 62 95 35 33 91 30 29 93 75 25 71 68 21 6 45 43 76 12 40 57 77 78 73 87 9 22 2 11 26 47 7 61 63 56 70 94 39 20 92 89 49 82 14 16 98 66 90 51 36 99 27 46 18 52 13 79 67 74 83 53 55 31 42 58 50 8 72 88 69 23 41 48 1 64 10 3 34 84
TEST 36 ARG:24 44 86 28 81 80 15 17 59 65 5 38 60 54 0 4 19 32 96 37 85 97 62 95 35 33 91 30 29 93 75 25 71 68 21 6 45 43 76 12 40 57 77 78 73 87 9 22 2 11 26 47 7 61 63 56 70 94 39 20 92 89 49 82 14 16 98 66 90 51 36 99 27 46 18 52 13 79 67 74 83 53 55 31 42 58 50 8 72 88 69 23 41 48 1 64 10 3 34 84
TEST 37 ARG:81 62 74 24 42 2 96 29 78 67 80 33 85 98 89 18 60 73 54 34 94 28 68 6 5 30 46 21 49 14 23 79 59 83 11 15 72 97 1 0 48 53 88 40 71 91 17 44 65 87 38 41 43 20 95 8 51 61 58 19 47 35 31 32 57 75 92 7 84 22 93 9 10 37 16 45 86 56 26 64 12 55 39 99 27 3 36 50 52 66 25 13 77 4 76 63 82 90 70 69
TEST 37 ARG:81 62 74 24 42 2 96 29 78 67 80 33 85 98 89 18 60 73 54 34 94 28 68 6 5 30 46 21 49 14 23 79 59 83 11 15 72 97 1 0 48 53 88 40 71 91 17 44 65 87 38 41 43 20 95 8 51 61 58 19 47 35 31 32 57 75 92 7 84 22 93 9 10 37 16 45 86 56 26 64 12 55 39 99 27 3 36 50 52 66 25 13 77 4 76 63 82 90 70 69
TEST 38 ARG:99 40 3 72 22 82 33 18 66 43 6 32 56 54 60 28 57 75 87 19 50 34 35 38 94 25 61 23 2 76 59 89 39 86 93 42 4 97 44 15 74 20 58 24 9 62 81 55 1 16 52 67 85 11 80 95 30 45 13 88 41 46 91 17 69 96 47 53 10 79 83 14 68 31 73 77 63 21 84 65 29 12 51 37 0 90 5 8 48 27 64 71 7 26 78 49 92 98 70 36
TEST 39 ARG:88 81 33 72 63 40 10 73 30 28 47 41 43 98 7 56 74 60 85 38 66 75 9 82 95 25 52 58 16 91 34 99 54 97 77 1 29 11 8 42 90 14 96 21 39 22 89 94 50 17 80 87 31 23 79 36 15 46 68 44 51 12 76 70 83 3 24 20 61 2 65 64 35 53 93 59 86 48 57 55 71 26 0 67 6 4 62 49 84 45 13 19 92 78 69 37 5 32 27 18
TEST 39 ARG:88 81 33 72 63 40 10 73 30 28 47 41 43 98 7 56 74 60 85 38 66 75 9 82 95 25 52 58 16 91 34 99 54 97 77 1 29 11 8 42 90 14 96 21 39 22 89 94 50 17 80 87 31 23 79 36 15 46 68 44 51 12 76 70 83 3 24 20 61 2 65 64 35 53 93 59 86 48 57 55 71 26 0 67 6 4 62 49 84 45 13 19 92 78 69 37 5 32 27 18
TEST 40 ARG:88 15 91 59 84 12 75 49 37 4 13 19 3 7 99 30 18 21 85 65 87 61 86 32 66 81 14 36 56 74 57 27 71 29 2 20 48 64 58 22 97 95 92 54 90 16 6 24 89 40 39 42 26 11 70 76 38 72 67 47 98 23 96 35 9 55 51 46 33 43 8 25 79 41 34 5 82 31 50 62 63 1 77 78 52 44 53 83 94 80 0 60 17 73 68 10 93 69 28 45
TEST 41 ARG:74 38 11 31 52 71 76 42 26 98 28 56 6 73 36 55 8 84 50 83 2 32 29 80 22 9 21 3 12 94 69 60 23 44 30 92 47 91 7 68 41 93 13 62 63 51 19 59 61 77 0 35 95 97 49 53 4 90 64 72 58 27 10 1 81 99 66 75 37 54 87 20 46 89 43 45 85 25 96 15 24 14 17 18 16 79 70 67 86 78 34 40 33 88 57 48 65 82 5 39
TEST 42 ARG:46 51 21 16 60 91 75 62 11 74 35 36 89 37 54 82 86 97 18 88 95 50 92 65 49 24 93 15 43 79 8 9 84 87 6 5 28 96 1 81 70 57 33 40 98 13 10 30 44 34 76 71 55 27 3 19 80 39 47 67 94 66 77 45 22 41 63 7 31 32 78 59 20 23 42 0 73 85 25 58 56 52 83 2 64 17 38 99 69 12 4 26 53 90 14 68 61 72 48 29
TEST 42 ARG:46 51 21 16 60 91 75 62 11 74 35 36 89 37 54 82 86 97 18 88 95 50 92 65 49 24 93 15 43 79 8 9 84 87 6 5 28 96 1 81 70 57 33 40 98 13 10 30 44 34 76 71 55 27 3 19 80 39 47 67 94 66 77 45 22 41 63 7 31 32 78 59 20 23 42 0 73 85 25 58 56 52 83 2 64 17 38 99 69 12 4 26 53 90 14 68 61 72 48 29
TEST 43 ARG:68 41 22 61 7 85 88 46 10 12 35 71 27 81 24 23 21 33 30 70 53 1 11 65 16 19 15 32 9 79 98 5 58 48 89 64 77 60 52 50 18 83 90 87 36 74 6 69 95 57 94 28 97 93 29 40 67 44 75 56 73 63 54 45 8 17 31 51 34 80 42 78 62 82 96 59 86 14 66 39 13 92 72 55 76 38 99 37 43 47 2 91 4 26 20 84 3 25 0 49
TEST 43 ARG:68 41 22 61 7 85 88 46 10 12 35 71 27 81 24 23 21 33 30 70 53 1 11 65 16 19 15 32 9 79 98 5 58 48 89 64 77 60 52 50 18 83 90 87 36 74 6 69 95 57 94 28 97 93 29 40 67 44 75 56 73 63 54 45 8 17 31 51 34 80 42 78 62 82 96 59 86 14 66 39 13 92 72 55 76 38 99 37 43 47 2 91 4 26 20 84 3 25 0 49
TEST 44 ARG:93 59 41 30 13 87 24 53 4 58 40 50 15 78 43 88 73 5 82 74 8 42 83 48 96 91 2 21 90 62 19 57 11 70 86 51 44 52 10 89 47 94 45 68 14 60 38 7 27 17 99 63 1 85 61 26 25 32 81 97 16 34 65 66 29 23 67 76 75 77 39 92 37 31 49 84 69 56 71 6 64 54 55 72 79 80 98 12 36 18 20 33 0 3 46 22 9 28 95 35
TEST 45 ARG:0 48 66 75 57 53 30 13 9 20 28 76 78 97 70 45 15 68 32 47 50 5 81 94 24 4 79 91 23 65 87 8 60 77 90 43 64 85 36 38 54 1 26 35 7 69 71 74 27 59 18 82 72 10 67 37 55 96 46 44 89 99 56 98 29 92 41 22 42 19 63 93 51 21 6 25 39 83 31 95 2 80 86 11 14 17 12 61 16 84 33 34 40 3 49 62 52 88 58 73
TEST 45 ARG:0 48 66 75 57 53 30 13 9 20 28 76 78 97 70 45 15 68 32 47 50 5 81 94 24 4 79 91 23 65 87 8 60 77 90 43 64 85 36 38 54 1 26 35 7 69 71 74 27 59 18 82 72 10 67 37 55 96 46 44 89 99 56 98 29 92 41 22 42 19 63 93 51 21 6 25 39 83 31 95 2 80 86 11 14 17 12 61 16 84 33 34 40 3 49 62 52 88 58 73
TEST 46 ARG:6 35 22 99 67 9 50 75 46 4 89 74 56 96 61 19 85 15 62 76 43 0 42 81 55 30 66 45 36 25 59 54 79 82 33 2 90 28 64 13 44 27 24 58 14 73 18 65 40 16 3 48 86 26 80 21 63 29 32 52 7 34 78 83 41 37 69 84 93 49 98 91 71 57 47 72 68 60 38 39 23 20 97 17 77 94 70 1 5 87 31 53 88 12 95 8 92 51 11 10
TEST 46 ARG:6 35 22 99 67 9 50 75 46 4 89 74 56 96 61 19 85 15 62 76 43 0 42 81 55 30 66 45 36 25 59 54 79 82 33 2 90 28 64 13 44 27 24 58 14 73 18 65 40 16 3 48 86 26 80 21 63 29 32 52 7 34 78 83 41 37 69 84 93 49 98 91 71 57 47 72 68 60 38 39 23 20 97 17 77 94 70 1 5 87 31 53 88 12 95 8 92 51 11 10
TEST 47 ARG:5 82 53 95 69 25 37 6 13 3 28 66 59 21 93 56 72 12 34 4 64 48 42 11 88 41 83 98 92 73 27 26 57 29 81 10 22 54 31 76 20 99 79 40 75 71 70 94 0 19 55 89 63 67 23 1 87 17 15 44 97 61 90 84 62 36 46 2 74 7 85 14 39 8 60 24 52 77 68 91 35 78 65 16 96 58 9 86 45 18 30 80 43 51 33 50 47 32 49 38
TEST 47 ARG:5 82 53 95 69 25 37 6 13 3 28 66 59 21 93 56 72 12 34 4 64 48 42 11 88 41 83 98 92 73 27 26 57 29 81 10 22 54 31 76 20 99 79 40 75 71 70 94 0 19 55 89 63 67 23 1 87 17 15 44 97 61 90 84 62 36 46 2 74 7 85 14 39 8 60 24 52 77 68 91 35 78 65 16 96 58 9 86 45 18 30 80 43 51 33 50 47 32 49 38
TEST 48 ARG:85 31 34 43 11 60 18 72 84 12 28 9 42 45 83 29 6 58 2 1 26 97 25 5 32 76 95 88 81 61 63 15 8 91 99 75 13 33 93 86 66 30 94 59 7 20 68 19 92 36 65 77 50 21 67 54 51 96 52 70 87 37 73 64 39 62 44 89 14 22 46 49 57 69 98 47 3 90 0 71 27 56 35 82 38 41 53 80 74 78 40 55 10 4 48 79 24 16 17 23
TEST 49 ARG:6 20 22 37 50 54 87 35 3 13 43 77 95 15 52 46 92 4 88 51 33 96 21 34 47 10 81 44 85 40 78 31 71 36 79 64 5 66 98 73 25 84 82 53 72 89 61 60 30 90 27 8 38 76 2 16 12 19 94 55 29 93 68 62 91 75 97 42 83 18 86 26 24 14 28 39 70 11 57 56 17 0 1 45 99 74 65 69 58 41 48 9 23 63 32 7 80 59 49 67
TEST 50 ARG:46 88 36 82 25 62 37 47 78 71 80 75 41 70 27 61 69 73 30 8 95 33 53 29 76 86 35 2 84 28 14 18 89 12 77 52 4 90 7 34 93 51 92 16 67 57 31 72 56 60 64 42 63 43 99 98 24 1 54 10 66 87 22 45 9 79 3 13 65 85 11 74 44 21 48 49 55 50 0 6 26 39 40 17 38 15 68 23 5 32 59 58 83 20 96 81 94 91 19 97
TEST 51 ARG:86 56 27 40 20 0 43 9 88 4 5 31 47 83 66 82 25 41 22 3 95 17 48 53 63 35 37 8 34 19 91 55 81 36 93 30 94 85 98 73 6 89 74 65 44 57 64 54 33 72 92 50 28 59 75 42 62 77 10 1 16 96 84 60 12 61 52 51 39 23 80 78 97 68 79 70 76 90 69 45 11 99 14 46 7 18 67 87 29 58 38 15 13 26 71 24 2 49 32 21
TEST 52 ARG:99 58 35 33 34 25 36 70 66 20 78 12 61 48 56 3 82 55 4 80 0 96 7 79 26 52 73 92 15 77 63 19 86 64 14 74 57 95 2 62 22 6 32 91 13 60 28 18 37 53 85 10 8 67 9 39 90 46 75 17 83 81 38 23 94 71 97 87 16 98 72 29 45 31 68 54 21 84 5 11 24 76 1 40 89 44 49 65 69 27 30 88 93 47 41 42 43 51 59 50
TEST 52 ARG:99 58 35 33 34 25 36 70 66 20 78 12 61 48 56 3 82 55 4 80 0 96 7 79 26 52 73 92 15 77 63 19 86 64 14 74 57 95 2 62 22 6 32 91 13 60 28 18 37 53 85 10 8 67 9 39 90 46 75 17 83 81 38 23 94 71 97 87 16 98 72 29 45 31 68 54 21 84 5 11 24 76 1 40 89 44 49 65 69 27 30 88 93 47 41 42 43 51 59 50
TEST 53 ARG:59 51 27 44 88 50 30 84 55 82 77 6 18 92 65 29 5 68 46 64 43 78 95 73 13 16 36 71 96 39 25 26 33 48 49 93 28 66 41 10 60 98 31 2 9 63 19 89 32 86 34 7 94 62 74 87 81 76 57 22 8 23 21 15 53 40 83 70 20 58 91 4 69 61 14 52 79 67 45 12 11 85 42 37 47 56 1 3 97 99 0 90 38 54 35 72 80 75 17 24
TEST 53 ARG:59 51 27 44 88 50 30 84 55 82 77 6 18 92 65 29 5 68 46 64 43 78 95 73 13 16 36 71 96 39 25 26 33 48 49 93 28 66 41 10 60 98 31 2 9 63 19 89 32 86 34 7 94 62 74 87 81 76 57 22 8 23 21 15 53 40 83 70 20 58 91 4 69 61 14 52 79 67 45 12 11 85 42 37 47 56 1 3 97 99 0 90 38 54 35 72 80 75 17 24
TEST 54 ARG:55 84 3 72 43 15 47 52 83 75 19 60 20 29 25 82 78 58 70 38 77 2 69 32 49 44 95 23 0 98 10 42 37 31 41 57 62 39 28 5 90 34 27 35 46 65 26 40 64 73 9 67 89 48 63 53 91 59 87 18 7 86 71 24 6 45 36 4 17 81 11 54 21 33 68 76 88 14 16 94 92 61 30 80 97 99 12 74 1 51 93 56 50 8 96 66 79 22 13 85
TEST 54 ARG:55 84 3 72 43 15 47 52 83 75 19 60 20 29 25 82 78 58 70 38 77 2 69 32 49 44 95 23 0 98 10 42 37 31 41 57 62 39 28 5 90 34 27 35 46 65 26 40 64 73 9 67 89 48 63 53 91 59 87 18 7 86 71 24 6 45 36 4 17 81 11 54 21 33 68 76 88 14 16 94 92 61 30 80 97 99 12 74 1 51 93 56 50 8 96 66 79 22 13 85
TEST 55 ARG:23 74 36 48 52 24 80 32 73 30 62 8 47 3 90 75 88 9 51 70 85 44 58 6 20 60 59 92 66 72 40 57 87 34 98 81 4 68 33 97 64 46 45 14 96 65 2 27 84 28 39 69 89 91 15 25 63 49 38 16 7 18 10 82 22 76 94 50 29 31 13 67 79 19 11 17 5 41 12 56 78 42 77 54 55 43 35 86 53 93 95 0 83 71 1 61 21 37 26 99
TEST 55 ARG:23 74 36 48 52 24 80 32 73 30 62 8 47 3 90 75 88 9 51 70 85 44 58 6 20 60 59 92 66 72 40 57 87 34 98 81 4 68 33 97 64 46 45 14 96 65 2 27 84 28 39 69 89 91 15 25 63 49 38 16 7 18 10 82 22 76 94 50 29 31 13 67 79 19 11 17 5 41 12 56 78 42 77 54 55 43 35 86 53 93 95 0 83 71 1 61 21 37 26 99
TEST 56 ARG:92 19 17 88 96 83 29 1 11 52 90 53 59 33 38 16 50 67 79 51 93 66 26 74 39 69 34 10 20 82 64 27 13 72 37 60 6 24 73 54 43 75 80 65 77 4 99 56 8 78 23 46 12 94 5 98 97 7 36 70 49 15 68 42 28 25 89 21 45 31 35 84 41 47 61 9 87 0 40 44 81 3 91 18 48 76 22 71 95 63 57 2 30 55 85 32 86 58 62 14
TEST 56 ARG:92 19 17 88 96 83 29 1 11 52 90 53 59 33 38 16 50 67 79 51 93 66 26 74 39 69 34 10 20 82 64 27 13 72 37 60 6 24 73 54 43 75 80 65 77 4 99 56 8 78 23 46 12 94 5 98 97 7 36 70 49 15 68 42 28 25 89 21 45 31 35 84 41 47 61 9 87 0 40 44 81 3 91 18 48 76 22 71 95 63 57 2 30 55 85 32 86 58 62 14
TEST 57 ARG:87 17 53 9 3 67 28 89 81 68 36 8 88 32 72 69 59 77 16 70 11 46 76 5 25 93 43 20 14 30 34 22 60 1 50 31 86 29 90 84 45 91 97 64 55 58 6 26 52 99 56 85 23 63 33 42 79 18 61 66 13 37 92 27 15 51 78 49 12 65 75 48 0 47 44 10 54 41 24 80 19 38 95 94 82 57 21 4 39 7 40 74 83 96 98 2 73 35 62 71
TEST 57 ARG:87 17 53 9 3 67 28 89 81 68 36 8 88 32 72 69 59 77 16 70 11 46 76 5 25 93 43 20 14 30 34 22 60 1 50 31 86 29 90 84 45 91 97 64 55 58 6 26 52 99 56 85 23 63 33 42 79 18 61 66 13 37 92 27 15 51 78 49 12 65 75 48 0 47 44 10 54 41 24 80 19 38 95 94 82 57 21 4 39 7 40 74 83 96 98 2 73 35 62 71
TEST 58 ARG:93 72 12 96 70 31 69 35 37 58 85 60 22 33 48 14 97 26 23 98 61 17 59 71 7 50 42 24 74 30 13 77 44 41 86 27 16 63 87 54 11 83 91 21 15 19 66 75 84 8 68 55 51 1 4 64 2 6 49 9 47 32 40 5 94 80 43 81 99 73 18 39 90 57 92 0 95 36 20 28 89 82 78 25 56 45 53 65 52 46 62 79 38 76 67 88 10 34 29 3
TEST 59 ARG:70 96 79 52 20 37 41 61 86 64 87 14 80 74 78 98 39 99 81 19 44 47 24 60 31 93 49 66 58 22 1 13 6 73 57 4 92 89 34 82 21 77 9 0 45 10 17 69 51 43 8 62 38 18 68 72 32 71 36 33 25 12 11 30 26 63 84 46 42 16 59 2 35 48 85 3 97 54 40 27 65 7 56 76 91 95 55 29 75 90 53 23 94 15 28 83 88 67 5 50
TEST 60 ARG:15 69 19 7 34 23 52 68 60 37 17 99 85 96 90 4 88 74 75 32 62 87 1 98 56 38 50 47 70 66 48 97 84 20 92 22 49 78 94 64 72 86 40 21 43 12 8 55 29 59 33 95 65 2 51 93 35 71 11 25 14 89 91 46 42 82 31 13 54 16 41 44 26 67 36 24 61 45 28 18 6 57 83 77 39 81 27 63 53 5 9 58 0 76 79 80 73 10 30 3
TEST 61 ARG:6 57 49 95 20 17 19 86 73 56 96 28 76 88 34 26 30 13 29 11 14 1 71 83 55 25 47 27 41 60 45 4 16 67 50 93 85 37 23 42 89 21 36 58 79 32 39 15 75 43 44 92 35 77 99 74 7 97 61 80 33 64 87 94 70 62 0 81 9 59 98 66 24 3 48 52 10 69 5 12 91 51 54 18 72 53 22 46 40 63 68 2 84 31 78 82 90 65 38 8
TEST 61 ARG:6 57 49 95 20 17 19 86 73 56 96 28 76 88 34 26 30 13 29 11 14 1 71 83 55 25 47 27 41 60 45 4 16 67 50 93 85 37 23 42 89 21 36 58 79 32 39 15 75 43 44 92 35 77 99 74 7 97 61 80 33 64 87 94 70 62 0 81 9 59 98 66 24 3 48 52 10 69 5 12 91 51 54 18 72 53 22 46 40 63 68 2 84 31 78 82 90 65 38 8
TEST 62 ARG:31 27 28 35 6 61 0 75 56 98 94 41 82 80 11 77 26 69 2 39 88 63 21 90 46 89 29 78 23 19 96 32 9 85 72 93 51 22 95 5 36 38 49 8 42 48 74 65 73 33 70 50 30 17 10 12 60 92 68 64 55 57 40 52 37 20 4 76 99 53 24 18 79 14 62 91 59 54 47 87 7 44 84 58 66 86 3 15 83 1 43 67 45 13 25 71 81 16 97 34
TEST 62 ARG:31 27 28 35 6 61 0 75 56 98 94 41 82 80 11 77 26 69 2 39 88 63 21 90 46 89 29 78 23 19 96 32 9 85 72 93 51 22 95 5 36 38 49 8 42 48 74 65 73 33 70 50 30 17 10 12 60 92 68 64 55 57 40 52 37 20 4 76 99 53 24 18 79 14 62 91 59 54 47 87 7 44 84 58 66 86 3 15 83 1 43 67 45 13 25 71 81 16 97 34
TEST 63 ARG:45 9 4 37 68 2 24 57 82 67 19 44 7 34 51 55 31 72 94 84 49 61 30 65 6 62 88 38 90 15 26 47 43 74 89 39 36 12 23 95 14 77 29 91 33 11 63 52 85 79 28 18 1 56 60 80 59 76 42 21 27 98 20 32 17 70 48 86 35 3 69 97 46 54 41 83 99 75 10 25 78 16 73 50 13 58 96 53 5 8 22 66 92 64 87 71 81 40 93 0
TEST 63 ARG:45 9 4 37 68 2 24 57 82 67 19 44 7 34 51 55 31 72 94 84 49 61 30 65 6 62 88 38 90 15 26 47 43 74 89 39 36 12 23 95 14 77 29 91 33 11 63 52 85 79 28 18 1 56 60 80 59 76 42 21 27 98 20 32 17 70 48 86 35 3 69 97 46 54 41 83 99 75 10 25 78 16 73 50 13 58 96 53 5 8 22 66 92 64 87 71 81 40 93 0
TEST 64 ARG:31 52 10 60 91 92 55 57 66 49 16 8 61 44 71 65 36 81 56 87 79 19 14 3 23 29 48 83 69 25 27 21 58 39 90 97 53 64 73 67 1 45 40 0 18 33 96 82 77 93 9 4 76 34 42 37 47 86 24 70 62 50 74 84 43 85 89 38 20 28 46 95 88 13 98 35 78 68 7 32 94 75 59 51 15 22 30 26 17 6 5 54 2 63 41 12 72 80 11 99
TEST 65 ARG:96 0 38 37 98 50 87 64 89 69 68 70 88 63 94 75 2 25 76 35 95 59 30 32 83 85 26 3 78 48 34 27 56 46 14 99 66 9 41 40 45 86 62 55 53 82 58 24 10 72 28 54 17 11 42 29 19 22 77 36 31 80 67 71 73 39 16 23 60 4 15 5 20 81 74 43 12 18 47 61 44 97 84 7 8 57 51 21 91 13 52 49 1 33 65 93 6 90 79 92
TEST 65 ARG:96 0 38 37 98 50 87 64 89 69 68 70 88 63 94 75 2 25 76 35 95 59 30 32 83 85 26 3 78 48 34 27 56 46 14 99 66 9 41 40 45 86 62 55 53 82 58 24 10 72 28 54 17 11 42 29 19 22 77 36 31 80 67 71 73 39 16 23 60 4 15 5 20 81 74 43 12 18 47 61 44 97 84 7 8 57 51 21 91 13 52 49 1 33 65 93 6 90 79 92
TEST 66 ARG:90 11 45 92 71 96 21 94 4 51 91 6 89 53 33 60 98 62 42 31 5 18 46 78 64 52 19 74 24 47 77 37 43 79 73 70 13 30 93 57 17 99 1 67 81 0 10 3 65 84 9 86 59 61 58 25 7 39 26 76 63 35 23 49 48 44 14 68 54 38 34 88 2 95 72 36 22 69 8 16 20 29 80 40 83 41 75 28 82 97 87 56 50 55 12 27 32 66 85 15
TEST 67 ARG:79 55 2 28 67 16 70 71 99 92 53 88 18 35 34 66 23 10 62 15 40 14 56 1 54 31 93 96 82 78 43 87 94 6 75 25 98 17 83 20 46 44 9 38 21 97 84 11 0 49 48 95 73 59 81 8 36 76 3 69 89 72 22 51 63 30 50 91 64 32 80 85 60 42 33 52 27 37 57 68 90 45 29 39 26 13 61 19 86 5 4 47 65 24 12 7 41 74 77 58
TEST 67 ARG:79 55 2 28 67 16 70 71 99 92 53 88 18 35 34 66 23 10 62 15 40 14 56 1 54 31 93 96 82 78 43 87 94 6 75 25 98 17 83 20 46 44 9 38 21 97 84 11 0 49 48 95 73 59 81 8 36 76 3 69 89 72 22 51 63 30 50 91 64 32 80 85 60 42 33 52 27 37 57 68 90 45 29 39 26 13 61 19 86 5 4 47 65 24 12 7 41 74 77 58
TEST 68 ARG:97 39 98 42 30 88 38 74 65 28 29 61 70 78 90 67 50 59 20 43 25 73 80 53 14 56 0 76 24 64 33 96 63 66 23 41 2 34 48 32 3 49 16 17 12 94 68 93 40 85 7 5 86 46 26 60 11 37 51 75 95 83 13 31 77 89 18 36 55 45 99 44 47 1 79 69 82 21 22 92 19 35 91 15 9 71 87 6 58 8 81 10 4 72 54 57 62 52 27 84
TEST 68 ARG:97 39 98 42 30 88 38 74 65 28 29 61 70 78 90 67 50 59 20 43 25 73 80 53 14 56 0 76 24 64 33 96 63 66 23 41 2 34 48 32 3 49 16 17 12 94 68 93 40 85 7 5 86 46 26 60 11 37 51 75 95 83 13 31 77 89 18 36 55 45 99 44 47 1 79 69 82 21 22 92 19 35 91 15 9 71 87 6 58 8 81 10 4 72 54 57 62 52 27 84
TEST 69 ARG:71 21 83 4 45 13 28 16 51 24 64 69 92 19 50 54 34 89 20 33 32 12 2 53 36 70 41 7 67 74 23 9 25 82 1 44 57 87 75 46 91 63 17 14 48 6 55 0 78 97 18 59 98 52 62 11 56 29 85 8 65 27 96 38 93 94 10 99 68 66 90 80 26 60 58 84 76 77 81 39 95 47 73 61 86 15 35 49 40 31 37 72 22 3 5 79 30 88 42 43
TEST 69 ARG:71 21 83 4 45 13 28 16 51 24 64 69 92 19 50 54 34 89 20 33 32 12 2 53 36 70 41 7 67 74 23 9 25 82 1 44 57 87 75 46 91 63 17 14 48 6 55 0 78 97 18 59 98 52 62 11 56 29 85 8 65 27 96 38 93 94 10 99 68 66 90 80 26 60 58 84 76 77 81 39 95 47 73 61 86 15 35 49 40 31 37 72 22 3 5 79 30 88 42 43
TEST 70 ARG:46 76 77 19 18 41 14 6 51 48 83 71 17 58 37 1 52 11 53 33 38 27 59 79 32 96 99 97 85 43 64 44 22 39 55 9 67 61 36 13 0 31 89 28 80 21 24 40 42 82 75 92 26 94 73 8 45 95 57 20 62 86 65 91 93 88 49 34 15 10 98 56 74 5 3 23 60 69 84 12 16 50 30 87 29 70 7 63 72 2 66 35 4 54 81 25 68 78 90 47
TEST 71 ARG:6 52 51 46 81 11 15 13 69 63 71 65 17 98 31 7 92 5 18 10 57 73 44 75 66 80 22 33 74 64 20 94 79 91 24 42 12 43 14 30 62 47 23 2 21 58 84 86 36 50 28 85 89 54 68 41 70 90 3 59 87 34 48 40 25 88 96 67 55 19 72 27 61 26 97 38 16 78 56 82 60 77 8 53 99 39 93 0 4 95 45 32 9 76 29 35 1 49 83 37
TEST 71 ARG:6 52 51 46 81 11 15 13 69 63 71 65 17 98 31 7 92 5 18 10 57 73 44 75 66 80 22 33 74 64 20 94 79 91 24 42 12 43 14 30 62 47 23 2 21 58 84 86 36 50 28 85 89 54 68 41 70 90 3 59 87 34 48 40 25 88 96 67 55 19 72 27 61 26 97 38 16 78 56 82 60 77 8 53 99 39 93 0 4 95 45 32 9 76 29 35 1 49 83 37
TEST 72 ARG:8 91 53 36 76 0 83 21 58 71 77 64 47 12 57 4 14 96 33 23 20 7 16 63 78 65 95 92 68 41 87 15 66 56 5 6 99 45 34 55 94 97 19 74 72 48 46 80 49 35 29 9 50 81 82 69 42 30 26 62 25 13 27 3 2 1 40 44 85 89 88 54 37 79 38 98 32 51 86 17 31 18 93 43 60 22 28 52 70 73 84 39 24 10 67 90 11 61 59 75
TEST 73 ARG:66 78 43 56 31 30 88 84 22 76 87 42 59 11 39 93 53 71 44 95 85 91 99 37 32 57 23 35 1 77 13 6 18 48 62 75 36 19 61 21 26 60 38 5 25 3 69 79 2 55 83 94 47 74 97 73 50 7 24 0 34 29 72 70 65 68 81 17 98 10 16 28 14 27 9 4 15 89 33 12 46 45 52 90 67 80 96 49 64 51 8 63 86 54 20 82 92 41 58 40
TEST 74 ARG:74 52 6 92 61 37 44 79 7 18 94 26 23 43 48 97 65 90 60 46 57 35 34 81 80 91 0 49 19 29 78 5 59 31 42 67 72 85 2 54 71 22 25 76 38 15 36 20 3 84 98 53 4 56 11 64 66 14 27 51 83 96 24 9 69 28 40 99 77 17 93 75 82 10 8 88 89 33 95 55 73 41 13 39 68 12 87 32 63 47 58 21 50 70 16 86 1 45 62 30
TEST 74 ARG:74 52 6 92 61 37 44 79 7 18 94 26 23 43 48 97 65 90 60 46 57 35 34 81 80 91 0 49 19 29 78 5 59 31 42 67 72 85 2 54 71 22 25 76 38 15 36 20 3 84 98 53 4 56 11 64 66 14 27 51 83 96 24 9 69 28 40 99 77 17 93 75 82 10 8 88 89 33 95 55 73 41 13 39 68 12 87 32 63 47 58 21 50 70 16 86 1 45 62 30
TEST 75 ARG:52 15 7 6 53 48 5 91 35 33 56 59 47 3 20 18 97 29 86 9 49 30 50 57 63 17 85 96 79 42 68 69 55 40 8 98 82 38 27 62 2 80 88 22 61 67 58 0 39 4 32 51 93 37 46 45 78 25 12 73 99 21 76 54 36 84 34 72 26 28 81 11 13 70 74 83 71 16 24 77 23 87 64 14 90 19 94 95 65 60 89 31 1 92 43 41 75 66 44 10
TEST 75 ARG:52 15 7 6 53 48 5 91 35 33 56 59 47 3 20 18 97 29 86 9 49 30 50 57 63 17 85 96 79 42 68 69 55 40 8 98 82 38 27 62 2 80 88 22 61 67 58 0 39 4 32 51 93 37 46 45 78 25 12 73 99 21 76 54 36 84 34 72 26 28 81 11 13 70 74 83 71 16 24 77 23 87 64 14 90 19 94 95 65 60 89 31 1 92 43 41 75 66 44 10
TEST 76 ARG:30 92 72 44 11 84 75 54 49 85 10 55 57 34 88 71 52 86 91 43 53 28 13 17 81 65 0 99 45 69 37 12 80 46 82 96 15 68 58 73 41 79 24 94 29 21 14 78 90 22 32 16 83 93 95 40 33 66 77 20 38 97 89 3 50 87 19 6 48 67 74 51 36 25 4 31 39 2 59 70 62 98 64 61 7 60 26 27 42 9 47 56 8 23 35 63 18 1 76 5
TEST 76 ARG:30 92 72 44 11 84 75 54 49 85 10 55 57 34 88 71 52 86 91 43 53 28 13 17 81 65 0 99 45 69 37 12 80 46 82 96 15 68 58 73 41 79 24 94 29 21 14 78 90 22 32 16 83 93 95 40 33 66 77 20 38 97 89 3 50 87 19 6 48 67 74 51 36 25 4 31 39 2 59 70 62 98 64 61 7 60 26 27 42 9 47 56 8 23 35 63 18 1 76 5
TEST 77 ARG:42 73 2 11 26 87 31 25 90 7 12 78 23 29 18 15 39 47 77 5 9 99 10 67 74 88 61 66 54 37 28 19 84 24 95 16 14 60 44 38 30 8 51 57 58 46 93 22 83 53 33 63 34 89 96 94 92 52 3 80 49 0 71 21 35 13 20 50 41 32 68 1 48 65 45 70 27 55 64 40 43 69 86 82 4 81 79 85 62 75 97 59 56 17 91 76 6 72 98 36
TEST 78 ARG:41 72 0 98 89 43 81 16 42 25 40 51 12 38 23 7 77 24 58 6 27 36 19 95 32 64 10 80 34 35 83 96 54 78 47 70 65 84 8 59 5 4 87 67 50 2 53 30 62 55 33 82 17 76 11 21 61 86 93 22 90 28 68 20 13 9 57 79 66 94 14 97 46 91 92 15 56 69 99 75 3 63 49 85 52 44 18 26 39 29 37 74 71 48 1 60 73 31 45 88
TEST 79 ARG:20 23 74 4 85 60 15 88 69 67 58 80 40 65 36 76 68 16 82 99 2 32 70 87 86 50 54 41 63 8 18 78 29 6 45 94 3 89 19 25 7 90 72 26 84 51 49 27 75 47 77 73 57 64 97 66 95 38 28 48 0 34 79 62 12 53 14 30 17 39 81 56 52 1 31 21 33 46 59 11 37 93 98 43 9 44 13 24 35 71 42 5 10 55 22 96 61 83 92 91
TEST 79 ARG:20 23 74 4 85 60 15 88 69 67 58 80 40 65 36 76 68 16 82 99 2 32 70 87 86 50 54 41 63 8 18 78 29 6 45 94 3 89 19 25 7 90 72 26 84 51 49 27 75 47 77 73 57 64 97 66 95 38 28 48 0 34 79 62 12 53 14 30 17 39 81 56 52 1 31 21 33 46 59 11 37 93 98 43 9 44 13 24 35 71 42 5 10 55 22 96 61 83 92 91
TEST 80 ARG:30 88 61 76 67 57 2 96 27 44 22 6 36 79 53 92 59 9 28 46 31 89 91 70 90 51 48 29 26 19 56 98 95 80 24 85 62 12 43 33 37 58 5 64 81 47 63 25 87 83 35 7 8 68 94 3 55 93 21 4 10 65 97 60 71 16 49 11 99 13 50 23 18 82 20 74 34 0 54 69 84 17 40 42 41 75 72 73 1 38 15 78 52 14 39 66 86 32 45 77
TEST 80 ARG:30 88 61 76 67 57 2 96 27 44 22 6 36 79 53 92 59 9 28 46 31 89 91 70 90 51 48 29 26 19 56 98 95 80 24 85 62 12 43 33 37 58 5 64 81 47 63 25 87 83 35 7 8 68 94 3 55 93 21 4 10 65 97 60 71 16 49 11 99 13 50 23 18 82 20 74 34 0 54 69 84 17 40 42 41 75 72 73 1 38 15 78 52 14 39 66 86 32 45 77
TEST 81 ARG:99 77 0 31 30 32 47 52 49 68 59 66 14 54 8 96 38 23 81 69 34 19 43 72 6 92 1 75 89 41 76 33 29 88 11 40 35 82 39 93 7 3 4 2 71 78 13 87 5 18 53 37 9 67 61 86 44 36 79 57 64 80 24 84 27 17 73 55 85 51 97 65 90 50 95 83 22 56 15 60 98 62 12 25 16 10 28 91 63 70 46 94 21 58 20 48 74 45 26 42
TEST 81 ARG:99 77 0 31 30 32 47 52 49 68 59 66 14 54 8 96 38 23 81 69 34 19 43 72 6 92 1 75 89 41 76 33 29 88 11 40 35 82 39 93 7 3 4 2 71 78 13 87 5 18 53 37 9 67 61 86 44 36 79 57 64 80 24 84 27 17 73 55 85 51 97 65 90 50 95 83 22 56 15 60 98 62 12 25 16 10 28 91 63 70 46 94 21 58 20 48 74 45 26 42
TEST 82 ARG:16 95 58 53 84 50 66 8 18 25 33 1 5 21 97 4 10 83 15 79 86 13 75 7 11 38 93 89 2 55 56 42 68 99 9 63 90 59 17 43 12 82 80 47 73 39 19 32 87 67 74 36 29 22 37 40 65 78 23 61 72 62 45 34 76 35 28 26 27 44 54 24 94 81 30 48 70 88 64 52 51 3 0 60 91 96 49 77 6 46 31 98 41 85 69 14 71 20 92 57
TEST 82 ARG:16 95 58 53 84 50 66 8 18 25 33 1 5 21 97 4 10 83 15 79 86 13 75 7 11 38 93 89 2 55 56 42 68 99 9 63 90 59 17 43 12 82 80 47 73 39 19 32 87 67 74 36 29 22 37 40 65 78 23 61 72 62 45 34 76 35 28 26 27 44 54 24 94 81 30 48 70 88 64 52 51 3 0 60 91 96 49 77 6 46 31 98 41 85 69 14 71 20 92 57
TEST 83 ARG:7 94 97 58 75 31 38 37 88 56 48 19 25 98 86 59 78 53 49 85 61 23 10 29 77 22 99 51 0 2 91 50 62 95 90 73 67 68 82 5 69 80 9 55 18 92 72 30 47 74 66 76 40 65 84 79 3 13 14 46 33 28 36 6 63 11 12 27 24 21 93 20 96 70 42 32 1 71 34 44 41 15 60 26 16 35 52 43 89 57 54 45 17 4 39 64 87 81 8 83
TEST 84 ARG:45 36 59 37 12 8 65 19 64 32 51 94 26 38 18 20 61 39 21 46 15 27 11 14 43 99 69 82 7 2 22 24 78 28 90 17 93 58 76 89 80 6 47 70 91 88 60 25 16 55 56 52 67 84 95 81 83 77 87 71 96 3 92 63 42 50 54 66 1 57 72 33 53 44 0 86 40 29 73 13 35 34 68 85 75 97 79 48 98 31 10 4 5 41 62 30 49 74 23 9
TEST 85 ARG:57 80 43 2 53 86 5 28 31 22 67 66 7 97 38 88 24 56 65 99 37 48 21 19 26 92 84 60 54 83 14 94 46 3 93 76 29 52 96 79 55 11 1 44 32 75 0 10 18 25 82 20 8 35 17 36 74 34 62 15 9 90 12 51 13 85 71 64 33 69 73 68 47 41 45 72 70 16 4 63 61 78 42 23 40 77 91 27 50 30 59 95 87 58 89 81 6 49 39 98
TEST 86 ARG:18 90 58 17 24 43 42 80 47 13 93 8 98 76 33 49 82 36 71 35 94 64 34 4 66 56 53 97 32 74 7 21 54 30 31 12 16 73 46 22 39 27 69 51 40 20 38 92 78 48 44 79 52 14 29 96 87 3 99 19 41 70 59 5 0 26 65 77 6 75 72 91 83 61 57 60 62 63 23 88 84 37 81 28 9 85 55 25 68 67 86 1 89 2 45 11 15 10 50 95
TEST 87 ARG:26 12 21 20 93 76 58 3 41 49 50 33 7 84 64 52 37 38 31 5 44 97 53 32 30 77 0 39 42 74 18 96 72 98 63 54 79 11 46 2 14 73 47 36 43 13 34 83 90 22 94 9 19 71 17 87 51 25 81 48 15 75 92 80 28 59 78 45 95 91 4 62 82 89 6 24 60 61 70 66 16 57 99 85 86 68 10 69 56 88 23 67 1 65 8 27 29 55 35 40
TEST 87 ARG:26 12 21 20 93 76 58 3 41 49 50 33 7 84 64 52 37 38 31 5 44 97 53 32 30 77 0 39 42 74 18 96 72 98 63 54 79 11 46 2 14 73 47 36 43 13 34 83 90 22 94 9 19 71 17 87 51 25 81 48 15 75 92 80 28 59 78 45 95 91 4 62 82 89 6 24 60 61 70 66 16 57 99 85 86 68 10 69 56 88 23 67 1 65 8 27 29 55 35 40
TEST 88 ARG:27 29 60 8 90 69 95 18 62 13 12 4 26 64 84 3 6 53 55 56 23 73 91 77 98 22 20 85 48 81 97 71 66 32 79 40 28 50 82 78 75 42 88 68 33 94 83 99 0 72 52 59 9 10 7 67 92 46 14 51 38 80 65 89 47 49 57 30 87 37 61 15 17 63 2 86 16 44 41 34 76 25 36 19 74 54 96 43 11 39 21 31 35 24 58 5 45 93 1 70
TEST 88 ARG:27 29 60 8 90 69 95 18 62 13 12 4 26 64 84 3 6 53 55 56 23 73 91 77 98 22 20 85 48 81 97 71 66 32 79 40 28 50 82 78 75 42 88 68 33 94 83 99 0 72 52 59 9 10 7 67 92 46 14 51 38 80 65 89 47 49 57 30 87 37 61 15 17 63 2 86 16 44 41 34 76 25 36 19 74 54 96 43 11 39 21 31 35 24 58 5 45 93 1 70
TEST 89 ARG:85 36 90 84 55 17 87 62 6 97 45 81 2 38 65 99 59 43 79 83 57 56 47 20 26 91 46 29 92 78 0 80 42 66 86 58 54 94 18 22 48 39 21 23 98 3 34 4 27 8 95 96 88 5 28 24 60 40 9 35 74 75 51 31 7 61 63 53 37 1 14 10 64 30 71 44 13 82 73 25 76 77 50 70 67 52 89 15 69 16 72 49 41 33 32 11 68 19 93 12
TEST 89 ARG:85 36 90 84 55 17 87 62 6 97 45 81 2 38 65 99 59 43 79 83 57 56 47 20 26 91 46 29 92 78 0 80 42 66 86 58 54 94 18 22 48 39 21 23 98 3 34 4 27 8 95 96 88 5 28 24 60 40 9 35 74 75 51 31 7 61 63 53 37 1 14 10 64 30 71 44 13 82 73 25 76 77 50 70 67 52 89 15 69 16 72 49 41 33 32 11 68 19 93 12
TEST 90 ARG:34 95 14 30 70 32 22 9 38 97 47 42 91 6 53 21 54 25 62 74 86 18 67 82 99 55 75 45 5 92 0 50 2 19 43 98 51 17 12 15 79 96 58 76 68 59 40 63 78 56 49 84 16 52 48 85 36 3 1 39 26 46 87 89 31 66 27 72 24 11 10 33 60 64 8 23 65 93 29 4 90 94 57 28 61 44 83 35 37 77 13 7 80 73 20 88 41 81 69 71
TEST 91 ARG:6 17 45 33 93 44 35 74 26 31 36 20 75 2 79 86 0 81 87 51 99 54 43 21 95 69 57 13 70 34 63 50 14 39 28 89 16 46 52 65 30 59 32 58 98 90 91 67 25 53 11 19 47 71 68 10 29 27 60 48 5 22 85 24 76 23 4 64 96 9 1 61 3 49 42 97 84 62 92 15 82 83 78 80 41 66 72 56 37 7 55 88 73 94 18 40 38 8 77 12
TEST 92 ARG:66 58 65 14 69 61 11 6 76 34 22 98 16 94 80 79 51 3 93 72 67 37 40 25 28 71 33 74 39 48 90 64 23 44 87 43 86 56 73 92 52 42 96 49 63 19 84 55 2 70 88 20 8 29 75 31 21 18 46 32 30 35 78 83 0 13 4 91 45 50 41 57 59 26 12 7 99 24 85 81 95 15 62 89 9 47 54 77 53 1 60 82 97 27 5 38 10 36 17 68
TEST 92 ARG:66 58 65 14 69 61 11 6 76 34 22 98 16 94 80 79 51 3 93 72 67 37 40 25 28 71 33 74 39 48 90 64 23 44 87 43 86 56 73 92 52 42 96 49 63 19 84 55 2 70 88 20 8 29 75 31 21 18 46 32 30 35 78 83 0 13 4 91 45 50 41 57 59 26 12 7 99 24 85 81 95 15 62 89 9 47 54 77 53 1 60 82 97 27 5 38 10 36 17 68
TEST 93 ARG:34 70 9 94 33 41 88 84 4 14 5 31 64 62 76 15 30 91 96 12 60 11 40 38 53 87 22 24 78 43 56 18 0 45 29 75 98 25 47 85 66 23 16 90 59 95 6 58 72 27 35 69 89 3 49 36 19 57 32 65 68 79 82 10 39 93 50 21 48 26 51 13 83 20 55 44 2 54 74 7 71 97 80 99 81 17 52 77 86 92 73 1 37 46 28 42 67 63 8 61
TEST 94 ARG:54 49 51 60 38 69 68 62 84 80 67 36 59 81 24 98 71 41 4 31 27 94 43 40 25 17 70 3 18 11 93 5 45 92 77 87 35 28 63 9 55 48 32 58 19 13 78 47 53 89 26 22 7 57 73 46 30 95 64 10 1 75 66 74 97 12 82 88 33 42 50 72 8 83 86 15 65 91 37 76 21 44 79 6 96 61 56 2 14 39 90 16 34 85 29 20 23 0 52 99
TEST 95 ARG:73 63 56 84 85 38 53 34 87 13 47 96 27 75 43 29 39 37 64 15 60 26 66 62 17 86 32 30 88 89 18 93 35 52 91 94 3 48 59 69 57 7 95 33 72 61 51 25 77 21 78 76 23 36 44 70 90 5 42 16 2 79 0 50 12 83 67 31 1 81 58 74 82 71 54 28 41 24 6 97 4 8 19 92 10 20 14 99 68 80 46 98 11 55 65 40 49 22 45 9
TEST 96 ARG:4 7 66 79 95 14 91 81 92 58 68 52 57 43 8 69 23 82 29 80 6 13 47 65 59 3 19 26 74 86 22 17 49 94 89 75 85 98 5 76 35 16 50 36 31 70 27 1 53 84 41 55 62 18 12 9 97 56 51 39 72 67 40 77 45 11 10 20 73 93 88 96 38 28 42 64 61 30 90 34 24 48 15 71 99 83 60 46 2 37 0 33 63 21 78 25 54 32 87 44
TEST 97 ARG:18 85 86 49 76 74 3 90 48 55 25 1 81 22 93 54 95 6 37 42 36 45 59 19 31 92 78 28 11 12 52 23 5 87 8 60 14 88 0 51 99 41 77 43 2 71 89 27 21 39 61 73 75 17 96 30 79 35 53 26 68 10 84 98 62 16 13 46 20 58 66 47 80 64 32 50 56 7 4 63 29 33 70 69 24 9 82 65 40 97 72 15 94 44 34 38 91 67 83 57
TEST 97 ARG:18 85 86 49 76 74 3 90 48 55 25 1 81 22 93 54 95 6 37 42 36 45 59 19 31 92 78 28 11 12 52 23 5 87 8 60 14 88 0 51 99 41 77 43 2 71 89 27 21 39 61 73 75 17 96 30 79 35 53 26 68 10 84 98 62 16 13 46 20 58 66 47 80 64 32 50 56 7 4 63 29 33 70 69 24 9 82 65 40 97 72 15 94 44 34 38 91 67 83 57
TEST 98 ARG:53 3 62 72 33 40 12 99 83 14 49 42 90 23 92 9 55 94 56 34 88 16 54 79 69 66 57 11 43 21 63 51 32 15 1 39 60 44 17 93 5 19 26 81 18 4 89 29 70 35 73 97 58 64 68 8 10 87 86 59 0 61 82 52 45 22 84 37 6 2 50 98 24 74 77 71 13 91 7 95 67 78 65 27 41 46 48 96 47 85 31 76 36 28 38 25 20 30 75 80
TEST 98 ARG:53 3 62 72 33 40 12 99 83 14 49 42 90 23 92 9 55 94 56 34 88 16 54 79 69 66 57 11 43 21 63 51 32 15 1 39 60 44 17 93 5 19 26 81 18 4 89 29 70 35 73 97 58 64 68 8 10 87 86 59 0 61 82 52 45 22 84 37 6 2 50 98 24 74 77 71 13 91 7 95 67 78 65 27 41 46 48 96 47 85 31 76 36 28 38 25 20 30 75 80
TEST 99 ARG:7 60 75 91 88 84 2 92 37 33 93 80 95 83 22 54 38 56 34 28 18 82 68 98 1 99 67 32 77 89 9 73 94 44 63 27 55 31 35 79 25 12 46 72 57 17 58 65 42 62 85 11 78 4 61 64 74 51 20 40 30 70 13 86 69 47 24 36 66 6 43 87 29 50 96 14 39 52 76 10 23 48 45 53 8 16 26 59 3 97 0 41 90 49 5 71 15 81 19 21
TEST 99 ARG:7 60 75 91 88 84 2 92 37 33 93 80 95 83 22 54 38 56 34 28 18 82 68 98 1 99 67 32 77 89 9 73 94 44 63 27 55 31 35 79 25 12 46 72 57 17 58 65 42 62 85 11 78 4 61 64 74 51 20 40 30 70 13 86 69 47 24 36 66 6 43 87 29 50 96 14 39 52 76 10 23 48 45 53 8 16 26 59 3 97 0 41 90 49 5 71 15 81 19 21
TEST 100 ARG:55 44 42 83 70 11 58 65 89 84 36 1 23 30 64 16 56 32 31 95 67 49 79 50 51 73 45 46 52 13 10 8 99 39 33 72 41 27 34 7 12 25 2 9 17 98 97 3 63 91 93 26 92 59 62 40 20 75 22 5 38 88 24 82 77 80 85 35 43 14 29 4 94 0 61 68 57 86 28 60 81 96 47 90 69 87 74 53 54 48 15 21 18 76 6 66 71 78 19 37
TEST 101 ARG:28 20 8 38 29 87 33 2 92 75 37 35 57 99 97 22 6 36 1 67 48 13 30 59 44 82 4 51 86 26 65 55 45 7 14 93 31 62 58 41 43 46 15 80 94 68 42 16 39 53 66 84 56 90 21 76 85 88 9 34 98 52 83 49 61 78 70 47 50 63 74 69 3 18 32 91 73 79 11 24 25 64 96 71 23 72 95 12 77 10 54 0 19 60 40 89 81 17 5 27
TEST 101 ARG:28 20 8 38 29 87 33 2 92 75 37 35 57 99 97 22 6 36 1 67 48 13 30 59 44 82 4 51 86 26 65 55 45 7 14 93 31 62 58 41 43 46 15 80 94 68 42 16 39 53 66 84 56 90 21 76 85 88 9 34 98 52 83 49 61 78 70 47 50 63 74 69 3 18 32 91 73 79 11 24 25 64 96 71 23 72 95 12 77 10 54 0 19 60 40 89 81 17 5 27
TEST 102 ARG:6 93 97 92 74 45 15 40 42 90 77 25 96 75 72 16 58 32 76 41 22 2 70 51 54 31 64 94 57 39 46 34 69 84 67 63 88 59 53 11 37 71 68 85 8 38 99 29 27 21 36 52 44 35 17 13 83 81 98 65 86 0 28 24 55 95 43 87 66 89 80 19 14 91 23 7 49 26 5 62 33 1 30 82 56 50 47 48 79 9 78 3 73 18 20 4 61 12 10 60
TEST 103 ARG:95 44 48 69 31 6 21 0 20 5 4 79 9 75 81 98 99 24 12 77 83 51 61 94 29 65 41 80 27 67 17 28 18 30 11 82 33 10 45 88 70 47 22 63 52 74 2 15 89 40 42 39 92 76 71 97 90 78 8 49 14 84 93 37 56 96 55 58 87 1 91 53 19 34 54 57 68 85 46 38 36 50 13 43 3 73 35 60 25 62 32 72 7 16 64 86 26 66 23 59
TEST 104 ARG:28 42 33 79 46 90 93 17 62 21 49 44 3 59 64 48 91 20 68 30 47 73 4 11 84 70 41 2 66 67 89 50 58 25 87 83 14 5 95 99 38 96 82 23 88 98 56 36 97 85 76 75 15 52 35 0 81 43 60 27 45 37 71 34 22 13 6 10 8 26 7 55 54 53 63 61 69 40 16 94 32 77 12 29 78 24 92 57 1 31 74 9 86 19 51 80 39 18 65 72
TEST 104 ARG:28 42 33 79 46 90 93 17 62 21 49 44 3 59 64 48 91 20 68 30 47 73 4 11 84 70 41 2 66 67 89 50 58 25 87 83 14 5 95 99 38 96 82 23 88 98 56 36 97 85 76 75 15 52 35 0 81 43 60 27 45 37 71 34 22 13 6 10 8 26 7 55 54 53 63 61 69 40 16 94 32 77 12 29 78 24 92 57 1 31 74 9 86 19 51 80 39 18 65 72
TEST 105 ARG:29 70 56 93 81 57 39 26 34 5 84 73 59 75 77 83 0 95 19 88 1 98 2 46 58 69 25 13 90 79 32 12 63 14 38 35 10 43 67 55 85 21 87 28 30 92 82 89 50 4 6 17 80 8 22 49 33 23 99 71 72 68 53 91 61 97 62 11 16 74 20 51 27 24 78 48 18 86 47 44 7 96 31 15 94 37 40 41 3 45 60 9 54 52 65 76 64 36 66 42
TEST 106 ARG:49 65 22 97 16 83 94 69 6 32 27 51 71 99 47 70 43 87 36 14 77 98 95 44 74 41 42 48 67 34 79 50 30 5 62 63 52 96 31 7 1 26 39 86 9 60 25 19 24 85 78 40 3 76 56 59 80 89 82 38 4 20 55 91 57 28 23 45 21 72 81 12 90 64 84 53 33 13 93 35 37 18 54 29 88 17 66 11 58 0 46 73 92 8 75 2 15 10 61 68
TEST 107 ARG:70 58 42 21 84 37 95 71 65 67 41 13 63 81 89 26 22 60 97 68 7 31 83 12 82 1 34 8 24 27 57 66 9 2 72 44 16 50 91 10 80 93 43 87 54 38 49 52 33 5 3 25 14 85 36 69 23 0 51 53 19 96 28 61 94 45 47 75 30 64 99 90 17 29 88 40 48 78 15 77 79 76 55 92 18 39 4 86 32 11 6 73 46 62 35 74 98 20 59 56
TEST 107 ARG:70 58 42 21 84 37 95 71 65 67 41 13 63 81 89 26 22 60 97 68 7 31 83 12 82 1 34 8 24 27 57 66 9 2 72 44 16 50 91 10 80 93 43 87 54 38 49 52 33 5 3 25 14 85 36 69 23 0 51 53 19 96 28 61 94 45 47 75 30 64 99 90 17 29 88 40 48 78 15 77 79 76 55 92 18 39 4 86 32 11 6 73 46 62 35 74 98 20 59 56
TEST 108 ARG:72 4 51 93 84 94 7 65 60 43 88 78 22 12 44 83 8 73 63 29 16 47 10 91 55 87 69 64 42 49 31 81 21 28 66 14 11 80 68 45 61 77 36 56 79 57 2 67 70 97 9 90 24 41 75 99 59 3 46 76 19 53 48 71 25 89 1 86 0 39 38 37 98 15 82 52 27 74 62 58 54 50 6 33 34 92 5 95 13 96 35 30 17 20 32 40 85 18 23 26
TEST 109 ARG:30 27 83 67 18 71 23 64 26 32 31 15 60 35 54 34 95 84 93 82 86 0 17 56 19 7 73 99 52 4 78 5 59 75 2 61 96 29 48 94 9 68 46 37 24 6 66 3 80 10 92 88 13 12 42 98 28 76 89 69 49 1 20 70 77 91 41 22 62 90 74 43 38 65 51 8 11 21 39 55 16 87 81 58 50 47 40 57 33 44 79 97 85 53 36 25 45 63 14 72
TEST 109 ARG:30 27 83 67 18 71 23 64 26 32 31 15 60 35 54 34 95 84 93 82 86 0 17 56 19 7 73 99 52 4 78 5 59 75 2 61 96 29 48 94 9 68 46 37 24 6 66 3 80 10 92 88 13 12 42 98 28 76 89 69 49 1 20 70 77 91 41 22 62 90 74 43 38 65 51 8 11 21 39 55 16 87 81 58 50 47 40 57 33 44 79 97 85 53 36 25 45 63 14 72
TEST 110 ARG:13 11 19 53 1 22 58 62 79 33 63 50 80 41 39 56 68 35 40 90 38 81 84 5 7 30 4 73 28 21 66 96 59 60 91 82 61 42 97 78 92 65 72 27 77 46 10 49 67 29 31 52 88 20 47 44 18 9 17 16 83 14 93 74 15 48 69 64 23 8 0 36 25 37 2 98 95 51 71 3 24 45 34 89 6 85 94 86 26 43 99 57 75 70 12 55 32 87 54 76
TEST 110 ARG:13 11 19 53 1 22 58 62 79 33 63 50 80 41 39 56 68 35 40 90 38 81 84 5 7 30 4 73 28 21 66 96 59 60 91 82 61 42 97 78 92 65 72 27 77 46 10 49 67 29 31 52 88 20 47 44 18 9 17 16 83 14 93 74 15 48 69 64 23 8 0 36 25 37 2 98 95 51 71 3 24 45 34 89 6 85 94 86 26 43 99 57 75 70 12 55 32 87 54 76
TEST 111 ARG:31 64 77 78 5 4 21 32 0 56 82 81 80 59 7 60 87 69 57 62 10 36 68 95 93 98 72 30 41 39 74 26 75 2 86 13 33 19 12 73 63 91 1 8 85 14 94 27 96 99 49 38 40 9 29 90 61 24 15 18 34 67 84 37 71 46 17 76 44 28 53 66 11 35 97 42 89 50 52 65 55 23 20 54 51 3 70 45 43 88 92 83 6 48 25 79 47 16 22 58
TEST 112 ARG:1 90 53 25 44 75 6 45 68 12 36 89 57 39 4 37 88 66 51 14 54 46 22 7 20 94 10 27 74 95 93 70 81 26 34 49 24 48 15 92 83 21 33 19 47 65 52 86 18 59 61 23 17 41 73 0 9 11 67 72 3 32 62 84 82 80 98 43 16 30 38 63 31 50 2 71 64 91 87 78 8 13 56 29 35 69 79 96 85 99 5 60 55 28 42 97 40 77 76 58
TEST 113 ARG:24 36 45 9 38 8 61 84 14 87 18 91 69 58 20 12 51 88 64 44 94 77 50 54 76 1 93 63 96 52 59 78 21 15 25 92 11 57 95 80 46 74 97 60 55 28 0 49 82 72 90 81 30 48 5 17 70 41 43 35 4 16 27 33 71 62 68 19 73 67 13 7 66 42 40 29 65 34 85 32 83 31 26 86 2 37 75 6 99 89 10 23 98 22 3 53 79 56 47 39
TEST 113 ARG:24 36 45 9 38 8 61 84 14 87 18 91 69 58 20 12 51 88 64 44 94 77 50 54 76 1 93 63 96 52 59 78 21 15 25 92 11 57 95 80 46 74 97 60 55 28 0 49 82 72 90 81 30 48 5 17 70 41 43 35 4 16 27 33 71 62 68 19 73 67 13 7 66 42 40 29 65 34 85 32 83 31 26 86 2 37 75 6 99 89 10 23 98 22 3 53 79 56 47 39
TEST 114 ARG:76 95 98 12 24 88 9 35 77 72 80 3 32 86 29 75 70 42 52 5 59 55 11 20 25 33 67 51 27 14 7 34 87 81 22 36 40 99 1 19 91 46 4 38 0 31 6 41 60 71 39 96 49 66 82 2 26 65 73 30 63 43 44 21 54 78 48 97 18 8 57 74 90 47 61 79 10 92 15 68 64 13 28 94 16 69 23 37 93 58 56 53 17 50 84 45 62 85 83 89
TEST 115 ARG:84 21 71 70 98 60 34 3 53 45 2 4 37 87 5 90 22 20 74 72 99 43 82 93 24 18 62 26 32 38 11 86 36 41 59 69 57 95 29 12 9 80 55 79 92 56 8 16 75 33 77 47 94 89 68 17 15 30 96 39 46 51 88 83 78 91 23 52 73 49 64 42 66 0 58 35 10 13 63 1 76 7 27 65 14 67 50 40 28 25 19 48 81 85 31 44 6 97 54 61
TEST 115 ARG:84 21 71 70 98 60 34 3 53 45 2 4 37 87 5 90 22 20 74 72 99 43 82 93 24 18 62 26 32 38 11 86 36 41 59 69 57 95 29 12 9 80 55 79 92 56 8 16 75 33 77 47 94 89 68 17 15 30 96 39 46 51 88 83 78 91 23 52 73 49 64 42 66 0 58 35 10 13 63 1 76 7 27 65 14 67 50 40 28 25 19 48 81 85 31 44 6 97 54 61
TEST 116 ARG:57 43 99 97 66 51 0 54 82 46 20 77 93 94 83 40 63 33 24 6 23 31 42 69 35 78 84 22 58 41 18 73 89 27 16 3 65 53 25 2 34 17 5 60 52 85 80 8 55 74 30 86 38 12 91 11 90 9 88 62 37 26 7 96 13 98 79 70 15 29 39 81 47 72 67 36 48 4 50 71 44 10 68 61 75 28 64 49 14 56 45 59 1 32 21 92 95 87 76 19
TEST 116 ARG:57 43 99 97 66 51 0 54 82 46 20 77 93 94 83 40 63 33 24 6 23 31 42 69 35 78 84 22 58 41 18 73 89 27 16 3 65 53 25 2 34 17 5 60 52 85 80 8 55 74 30 86 38 12 91 11 90 9 88 62 37 26 7 96 13 98 79 70 15 29 39 81 47 72 67 36 48 4 50 71 44 10 68 61 75 28 64 49 14 56 45 59 1 32 21 92 95 87 76 19
TEST 117 ARG:58 50 36 69 30 15 43 91 6 28 53 4 34 86 51 48 71 70 67 64 99 73 39 25 5 77 23 40 63 89 0 85 41 54 55 42 21 72 24 59 3 56 19 2 22 92 66 95 84 52 94 62 8 96 1 93 60 20 18 44 16 80 45 90 83 17 75 61 35 10 82 49 79 47 33 98 76 32 97 13 87 14 38 7 31 74 37 11 9 12 27 57 26 65 88 29 78 68 81 46
TEST 117 ARG:58 50 36 69 30 15 43 91 6 28 53 4 34 86 51 48 71 70 67 64 99 73 39 25 5 77 23 40 63 89 0 85 41 54 55 42 21 72 24 59 3 56 19 2 22 92 66 95 84 52 94 62 8 96 1 93 60 20 18 44 16 80 45 90 83 17 75 61 35 10 82 49 79 47 33 98 76 32 97 13 87 14 38 7 31 74 37 11 9 12 27 57 26 65 88 29 78 68 81 46
TEST 118 ARG:2 95 99 38 39 46 71 34 49 80 31 21 72 48 60 23 70 77 53 15 18 32 3 33 92 65 43 11 90 83 84 51 85 8 91 9 94 20 25 16 45 19 24 58 67 50 37 97 44 12 96 79 59 57 6 81 56 36 55 74 98 86 78 75 1 93 29 10 54 42 5 47 64 13 69 82 66 35 30 4 88 87 0 17 62 61 28 7 76 22 52 41 68 73 63 27 26 40 89 14
TEST 119 ARG:95 57 3 60 64 77 32 56 78 28 92 91 96 10 33 21 69 43 17 1 36 54 22 79 20 85 67 71 6 74 35 99 4 26 38 90 76 23 66 88 18 45 24 98 40 2 30 70 65 25 19 47 7 46 83 94 11 34 49 0 52 72 59 48 16 51 8 31 97 63 55 13 9 89 12 39 29 44 5 87 86 53 61 82 58 27 80 84 93 14 50 15 81 73 68 75 41 62 37 42
TEST 120 ARG:1 13 77 76 66 34 82 65 96 15 29 42 7 85 58 14 32 6 75 91 0 30 94 37 20 71 46 81 98 90 69 24 2 19 83 63 64 97 61 48 43 50 22 57 79 39 44 59 53 68 9 26 72 60 47 45 70 55 74 12 27 25 87 31 23 92 41 17 8 35 95 84 36 21 33 73 16 62 88 10 28 38 18 40 52 56 99 5 93 67 54 4 89 86 3 49 80 11 51 78
TEST 121 ARG:74 17 48 12 61 70 5 52 65 81 79 85 28 99 40 93 98 53 66 67 18 33 24 39 21 27 14 50 87 30 51 69 46 32 68 88 41 19 43 36 37 92 16 77 13 42 31 75 91 6 1 7 20 76 54 22 47 29 3 89 34 59 26 84 0 60 78 94 64 90 96 82 35 25 23 38 95 8 86 58 44 9 49 80 72 71 62 73 4 11 57 97 55 10 45 56 63 15 83 2
TEST 122 ARG:75 98 74 32 43 28 89 9 13 14 97 51 61 27 99 95 94 25 21 90 18 52 56 69 73 6 82 24 87 72 91 62 0 84 80 48 58 37 46 92 42 83 85 66 2 81 40 47 19 70 23 50 31 44 26 96 15 67 68 54 10 55 49 12 60 29 35 93 20 33 8 3 53 4 78 64 41 39 34 57 59 71 5 38 16 22 11 65 77 1 36 7 45 79 17 86 88 76 30 63
TEST 123 ARG:39 56 70 20 84 6 96 40 85 78 67 83 16 48 19 82 5 66 26 35 59 32 69 9 25 1 44 36 76 73 88 50 99 80 79 54 45 30 89 75 37 43 63 22 13 51 55 31 72 7 28 49 15 98 92 2 8 10 11 0 64 52 97 81 74 68 4 42 86 41 3 46 21 29 53 24 58 23 33 12 91 77 95 18 61 65 93 94 34 62 38 14 71 47 27 90 87 57 17 60
TEST 123 ARG:39 56 70 20 84 6 96 40 85 78 67 83 16 48 19 82 5 66 26 35 59 32 69 9 25 1 44 36 76 73 88 50 99 80 79 54 45 30 89 75 37 43 63 22 13 51 55 31 72 7 28 49 15 98 92 2 8 10 11 0 64 52 97 81 74 68 4 42 86 41 3 46 21 29 53 24 58 23 33 12 91 77 95 18 61 65 93 94 34 62 38 14 71 47 27 90 87 57 17 60
TEST 124 ARG:2 9 53 14 77 59 87 95 83 47 70 1 6 4 37 60 64 35 50 41 5 13 90 76 68 61 66 88 49 0 84 78 38 34 45 91 98 63 28 10 92 25 15 75 62 11 26 16 54 93 96 3 24 36 22 80 48 55 21 40 67 46 74 94 44 33 20 7 56 73 8 43 17 72 89 29 65 99 31 12 69 97 86 23 18 81 19 85 58 30 82 52 39 71 42 32 27 79 51 57
TEST 124 ARG:2 9 53 14 77 59 87 95 83 47 70 1 6 4 37 60 64 35 50 41 5 13 90 76 68 61 66 88 49 0 84 78 38 34 45 91 98 63 28 10 92 25 15 75 62 11 26 16 54 93 96 3 24 36 22 80 48 55 21 40 67 46 74 94 44 33 20 7 56 73 8 43 17 72 89 29 65 99 31 12 69 97 86 23 18 81 19 85 58 30 82 52 39 71 42 32 27 79 51 57
TEST 125 ARG:96 53 47 80 78 58 81 69 64 95 10 15 1 91 33 28 50 25 42 60 79 72 16 30 44 71 59 40 82 18 27 97 68 74 93 57 39 22 90 24 41 65 0 31 34 85 45 3 32 61 48 6 98 52 99 89 4 77 13 55 84 62 88 29 5 8 54 35 2 11 37 86 76 7 26 66 73 12 36 94 67 87 83 43 75 21 20 38 49 23 63 19 51 56 17 9 92 14 70 46
TEST 126 ARG:79 81 82 20 91 95 10 88 51 15 3 45 89 67 92 8 24 99 96 30 73 26 47 87 5 37 77 98 25 1 85 54 68 53 93 94 72 29 48 71 21 52 32 40 11 90 60 6 0 22 50 27 4 84 78 16 56 31 63 41 83 17 28 57 33 76 58 75 9 70 61 59 80 69 14 44 2 7 55 43 23 86 19 62 18 97 39 74 66 46 36 13 38 35 64 12 42 34 49 65
TEST 126 ARG:79 81 82 20 91 95 10 88 51 15 3 45 89 67 92 8 24 99 96 30 73 26 47 87 5 37 77 98 25 1 85 54 68 53 93 94 72 29 48 71 21 52 32 40 11 90 60 6 0 22 50 27 4 84 78 16 56 31 63 41 83 17 28 57 33 76 58 75 9 70 61 59 80 69 14 44 2 7 55 43 23 86 19 62 18 97 39 74 66 46 36 13 38 35 64 12 42 34 49 65
TEST 127 ARG:59 41 26 62 15 83 54 5 79 11 19 21 27 85 40 67 61 51 36 23 81 88 44 7 55 96 73 25 3 90 48 57 47 99 60 69 18 6 64 72 89 84 24 8 74 17 4 49 66 95 58 14 91 30 98 43 70 38 33 34 10 78 35 32 1 31 76 65 71 16 63 52 0 97 13 75 92 45 20 29 9 56 87 80 93 77 50 28 2 37 68 12 53 46 86 82 22 94 39 42
TEST 127 ARG:59 41 26 62 15 83 54 5 79 11 19 21 27 85 40 67 61 51 36 23 81 88 44 7 55 96 73 25 3 90 48 57 47 99 60 69 18 6 64 72 89 84 24 8 74 17 4 49 66 95 58 14 91 30 98 43 70 38 33 34 10 78 35 32 1 31 76 65 71 16 63 52 0 97 13 75 92 45 20 29 9 56 87 80 93 77 50 28 2 37 68 12 53 46 86 82 22 94 39 42
TEST 128 ARG:67 56 83 92 46 39 69 12 87 24 49 58 72 99 8 74 53 27 40 70 10 29 6 60 91 51 31 19 94 85 84 93 62 96 9 57 33 5 64 3 21 47 52 35 14 20 26 25 18 36 73 76 41 15 89 34 42 55 4 17 23 65 90 30 48 50 61 44 1 2 32 77 80 66 13 75 54 68 78 28 43 88 37 86 59 82 45 97 38 11 7 71 79 0 63 98 81 16 95 22
TEST 128 ARG:67 56 83 92 46 39 69 12 87 24 49 58 72 99 8 74 53 27 40 70 10 29 6 60 91 51 31 19 94 85 84 93 62 96 9 57 33 5 64 3 21 47 52 35 14 20 26 25 18 36 73 76 41 15 89 34 42 55 4 17 23 65 90 30 48 50 61 44 1 2 32 77 80 66 13 75 54 68 78 28 43 88 37 86 59 82 45 97 38 11 7 71 79 0 63 98 81 16 95 22
TEST 129 ARG:59 51 4 11 80 72 99 43 75 2 58 87 67 63 29 84 56 31 96 90 94 28 92 24 40 52 15 71 38 34 88 0 61 32 14 25 16 36 62 19 66 10 39 50 44 48 60 98 23 57 81 37 47 42 13 74 78 8 77 91 85 45 7 65 69 68 82 49 64 22 17 26 73 97 54 93 83 79 18 70 55 89 27 30 5 1 41 35 86 12 95 76 6 33 9 21 20 53 46 3
TEST 129 ARG:59 51 4 11 80 72 99 43 75 2 58 87 67 63 29 84 56 31 96 90 94 28 92 24 40 52 15 71 38 34 88 0 61 32 14 25 16 36 62 19 66 10 39 50 44 48 60 98 23 57 81 37 47 42 13 74 78 8 77 91 85 45 7 65 69 68 82 49 64 22 17 26 73 97 54 93 83 79 18 70 55 89 27 30 5 1 41 35 86 12 95 76 6 33 9 21 20 53 46 3
TEST 130 ARG:71 10 44 49 89 32 78 59 0 88 91 56 52 43 3 79 2 34 39 13 35 5 25 62 45 51 68 54 20 42 65 80 11 33 95 48 70 83 69 64 22 90 17 53 81 98 97 38 36 57 50 75 7 41 66 60 27 30 6 12 72 9 14 58 37 84 87 23 28 86 1 47 76 55 15 19 93 4 18 21 82 29 96 16 77 26 24 40 8 63 31 74 46 94 92 61 85 99 67 73
TEST 130 ARG:71 10 44 49 89 32 78 59 0 88 91 56 52 43 3 79 2 34 39 13 35 5 25 62 45 51 68 54 20 42 65 80 11 33 95 48 70 83 69 64 22 90 17 53 81 98 97 38 36 57 50 75 7 41 66 60 27 30 6 12 72 9 14 58 37 84 87 23 28 86 1 47 76 55 15 19 93 4 18 21 82 29 96 16 77 26 24 40 8 63 31 74 46 94 92 61 85 99 67 73
TEST 131 ARG:30 76 33 23 6 4 34 61 45 59 51 13 3 78 31 9 36 7 75 52 22 74 88 32 50 2 98 87 86 57 12 53 70 54 90 62 67 19 91 29 37 80 14 49 16 1 42 26 73 99 72 56 27 24 69 66 94 40 68 89 25 18 17 20 92 79 77 8 55 71 65 48 41 35 43 10 21 58 5 81 93 60 39 97 44 64 84 82 46 47 95 28 96 0 15 83 11 85 38 63
TEST 131 ARG:30 76 33 23 6 4 34 61 45 59 51 13 3 78 31 9 36 7 75 52 22 74 88 32 50 2 98 87 86 57 12 53 70 54 90 62 67 19 91 29 37 80 14 49 16 1 42 26 73 99 72 56 27 24 69 66 94 40 68 89 25 18 17 20 92 79 77 8 55 71 65 48 41 35 43 10 21 58 5 81 93 60 39 97 44 64 84 82 46 47 95 28 96 0 15 83 11 85 38 63
TEST 132 ARG:47 0 13 78 43 49 57 52 40 34 92 14 60 72 35 67 30 7 42 89 10 1 63 85 98 26 65 83 73 81 19 53 29 16 32 48 24 90 68 71 37 86 74 21 96 70 5 84 75 3 99 80 69 50 4 45 22 61 88 64 44 15 77 97 91 27 94 51 17 39 41 55 11 23 62 87 93 36 38 2 12 95 59 6 54 28 20 9 46 58 66 25 56 33 8 31 18 76 79 82
TEST 132 ARG:47 0 13 78 43 49 57 52 40 34 92 14 60 72 35 67 30 7 42 89 10 1 63 85 98 26 65 83 73 81 19 53 29 16 32 48 24 90 68 71 37 86 74 21 96 70 5 84 75 3 99 80 69 50 4 45 22 61 88 64 44 15 77 97 91 27 94 51 17 39 41 55 11 23 62 87 93 36 38 2 12 95 59 6 54 28 20 9 46 58 66 25 56 33 8 31 18 76 79 82
TEST 133 ARG:15 84 35 7 97 85 80 29 19 22 46 23 54 95 3 81 47 30 49 13 24 74 91 27 41 5 88 59 96 58 18 65 44 52 71 9 48 28 64 43 16 99 62 31 56 34 86 89 51 6 21 67 72 17 70 10 4 25 20 39 1 73 40 60 14 2 93 78 69 98 36 68 83 38 90 92 8 76 82 33 37 26 53 12 61 57 42 87 11 50 75 79 32 55 45 94 63 0 77 66
TEST 133 ARG:15 84 35 7 97 85 80 29 19 22 46 23 54 95 3 81 47 30 49 13 24 74 91 27 41 5 88 59 96 58 18 65 44 52 71 9 48 28 64 43 16 99 62 31 56 34 86 89 51 6 21 67 72 17 70 10 4 25 20 39 1 73 40 60 14 2 93 78 69 98 36 68 83 38 90 92 8 76 82 33 37 26 53 12 61 57 42 87 11 50 75 79 32 55 45 94 63 0 77 66
TEST 134 ARG:16 89 21 80 61 25 93 43 67 10 71 15 31 24 49 64 32 69 26 81 63 20 48 39 99 30 88 87 98 84 57 41 40 53 35 1 42 55 29 14 34 8 28 68 95 47 0 62 90 27 79 60 73 17 66 22 36 96 9 58 5 75 37 65 54 6 23 59 38 94 78 11 2 85 92 86 46 82 77 74 70 76 4 18 44 12 50 91 13 72 51 97 83 52 3 7 45 19 33 56
TEST 134 ARG:16 89 21 80 61 25 93 43 67 10 71 15 31 24 49 64 32 69 26 81 63 20 48 39 99 30 88 87 98 84 57 41 40 53 35 1 42 55 29 14 34 8 28 68 95 47 0 62 90 27 79 60 73 17 66 22 36 96 9 58 5 75 37 65 54 6 23 59 38 94 78 11 2 85 92 86 46 82 77 74 70 76 4 18 44 12 50 91 13 72 51 97 83 52 3 7 45 19 33 56
TEST 135 ARG:69 5 74 32 65 22 87 83 88 62 73 70 41 97 20 31 93 30 67 25 76 49 56 75 98 66 78 53 48 2 55 80 12 85 9 8 81 28 29 1 63 84 4 82 18 77 54 64 23 91 68 89 44 99 71 61 59 17 52 13 37 16 14 35 0 51 38 3 10 15 96 92 26 39 34 36 86 50 94 47 27 43 11 57 7 6 19 79 90 21 72 42 58 95 24 33 60 45 40 46
TEST 136 ARG:33 5 67 8 92 84 80 28 11 60 73 3 9 13 17 96 76 89 71 62 42 68 69 82 51 85 97 94 90 41 43 56 72 23 24 2 7 99 18 61 77 55 16 63 81 98 88 49 66 14 74 75 59 47 27 79 95 29 22 1 35 12 86 31 50 52 83 58 65 54 10 70 4 30 6 34 39 64 57 78 93 38 46 26 20 45 87 19 32 15 36 21 25 53 44 48 91 37 40 0
TEST 137 ARG:12 66 89 62 64 94 55 59 15 77 96 26 75 69 18 46 41 7 61 70 63 80 90 58 31 0 87 56 25 88 74 78 47 35 9 16 20 82 86 39 40 1 27 53 4 30 22 17 29 43 19 21 52 76 99 79 38 68 3 48 97 71 85 92 37 24 65 57 36 83 67 13 5 91 50 73 33 95 44 32 23 14 72 81 34 60 11 98 10 28 42 2 84 6 93 54 49 45 8 51
TEST 137 ARG:12 66 89 62 64 94 55 59 15 77 96 26 75 69 18 46 41 7 61 70 63 80 90 58 31 0 87 56 25 88 74 78 47 35 9 16 20 82 86 39 40 1 27 53 4 30 22 17 29 43 19 21 52 76 99 79 38 68 3 48 97 71 85 92 37 24 65 57 36 83 67 13 5 91 50 73 33 95 44 32 23 14 72 81 34 60 11 98 10 28 42 2 84 6 93 54 49 45 8 51
TEST 138 ARG:8 13 43 29 15 34 31 91 74 53 96 70 12 49 71 93 75 32 39 3 11 6 40 26 90 55 7 80 52 67 92 83 66 36 68 1 37 38 60 9 50 78 10 58 63 62 35 24 5 94 30 27 45 54 44 2 73 4 86 98 22 79 28 42 88 23 33 84 18 65 16 46 76 87 51 21 89 99 64 59 48 0 77 25 17 47 95 56 57 14 19 69 61 82 41 72 20 85 81 97
TEST 139 ARG:19 23 75 4 97 76 15 8 91 87 72 64 65 3 81 18 88 43 56 26 99 53 13 14 95 47 2 21 62 94 30 5 12 7 25 31 67 78 6 70 66 44 77 42 93 17 34 51 68 32 58 71 48 33 89 28 96 38 41 50 82 27 55 20 74 98 86 10 85 36 35 92 63 57 52 40 45 49 16 84 29 0 61 46 79 54 83 11 69 24 59 1 80 9 90 37 22 39 73 60
TEST 139 ARG:19 23 75 4 97 76 15 8 91 87 72 64 65 3 81 18 88 43 56 26 99 53 13 14 95 47 2 21 62 94 30 5 12 7 25 31 67 78 6 70 66 44 77 42 93 17 34 51 68 32 58 71 48 33 89 28 96 38 41 50 82 27 55 20 74 98 86 10 85 36 35 92 63 57 52 40 45 49 16 84 29 0 61 46 79 54 83 11 69 24 59 1 80 9 90 37 22 39 73 60
TEST 140 ARG:14 32 52 71 35 78 96 77 84 85 41 98 9 81 23 37 89 50 72 2 40 91 87 45 64 59 8 93 49 95 48 44 17 6 66 38 68 79 55 42 1 16 13 26 67 19 4 20 11 82 80 61 24 73 29 57 62 86 25 3 76 46 88 97 21 15 18 51 10 34 33 90 30 53 69 31 75 0 92 22 5 28 56 65 58 27 36 99 74 63 39 43 70 94 83 7 54 60 47 12
TEST 141 ARG:22 10 9 84 78 38 28 70 67 27 7 68 97 48 17 32 76 39 8 20 15 52 91 77 57 5 93 12 3 79 33 40 89 63 74 72 49 53 23 95 42 31 61 43 24 46 58 47 65 11 71 96 85 29 34 45 54 90 0 41 60 30 56 83 66 44 36 50 6 98 86 62 2 94 14 35 21 99 59 69 92 4 37 82 80 64 19 13 51 18 81 88 73 87 25 1 26 75 16 55
TEST 141 ARG:22 10 9 84 78 38 28 70 67 27 7 68 97 48 17 32 76 39 8 20 15 52 91 77 57 5 93 12 3 79 33 40 89 63 74 72 49 53 23 95 42 31 61 43 24 46 58 47 65 11 71 96 85 29 34 45 54 90 0 41 60 30 56 83 66 44 36 50 6 98 86 62 2 94 14 35 21 99 59 69 92 4 37 82 80 64 19 13 51 18 81 88 73 87 25 1 26 75 16 55
TEST 142 ARG:57 23 54 82 8 19 63 31 18 26 59 65 16 60 0 69 61 94 47 97 93 34 75 73 17 14 70 5 68 96 15 42 91 7 77 50 98 28 3 51 48 89 87 55 79 52 81 4 88 20 33 32 56 46 90 9 62 99 92 37 85 49 6 10 66 24 58 1 95 45 30 27 39 84 29 40 13 41 43 76 80 71 12 38 36 72 67 21 2 11 35 53 22 64 25 83 78 44 74 86
TEST 142 ARG:57 23 54 82 8 19 63 31 18 26 59 65 16 60 0 69 61 94 47 97 93 34 75 73 17 14 70 5 68 96 15 42 91 7 77 50 98 28 3 51 48 89 87 55 79 52 81 4 88 20 33 32 56 46 90 9 62 99 92 37 85 49 6 10 66 24 58 1 95 45 30 27 39 84 29 40 13 41 43 76 80 71 12 38 36 72 67 21 2 11 35 53 22 64 25 83 78 44 74 86
TEST 143 ARG:47 27 97 4 2 81 68 75 48 5 33 36 23 53 6 29 64 73 89 16 21 37 20 17 99 50 67 30 84 38 51 40 7 72 44 32 24 80 46 15 70 78 19 8 3 52 74 62 66 60 11 82 12 94 59 41 93 54 0 28 65 58 76 1 18 42 87 55 79 95 31 83 56 39 98 9 69 14 57 90 10 96 25 43 86 63 35 77 26 85 91 22 13 61 92 71 88 45 34 49
TEST 143 ARG:47 27 97 4 2 81 68 75 48 5 33 36 23 53 6 29 64 73 89 16 21 37 20 17 99 50 67 30 84 38 51 40 7 72 44 32 24 80 46 15 70 78 19 8 3 52 74 62 66 60 11 82 12 94 59 41 93 54 0 28 65 58 76 1 18 42 87 55 79 95 31 83 56 39 98 9 69 14 57 90 10 96 25 43 86 63 35 77 26 85 91 22 13 61 92 71 88 45 34 49
TEST 144 ARG:28 12 92 50 14 8 68 55 61 59 27 99 57 56 79 11 45 46 86 7 54 82 66 88 97 35 36 71 65 62 83 31 91 78 98 67 75 51 73 49 5 89 18 81 26 0 30 64 29 58 76 53 38 74 72 23 48 10 15 32 95 52 37 70 24 22 69 39 16 33 19 17 3 40 90 87 4 25 63 1 85 80 42 43 96 13 2 6 84 93 77 21 94 20 44 47 60 41 9 34
TEST 145 ARG:90 46 5 59 12 42 87 27 56 57 7 43 44 30 28 82 11 88 4 39 24 49 78 13 98 26 3 55 69 45 74 71 16 54 92 31 95 75 91 0 32 64 67 89 8 94 58 97 14 70 33 68 2 77 85 48 17 76 93 22 10 99 60 15 79 66 83 47 80 63 65 50 73 61 1 72 25 37 35 84 36 29 62 81 6 23 40 52 38 34 21 53 9 41 51 18 96 20 19 86
TEST 145 ARG:90 46 5 59 12 42 87 27 56 57 7 43 44 30 28 82 11 88 4 39 24 49 78 13 98 26 3 55 69 45 74 71 16 54 92 31 95 75 91 0 32 64 67 89 8 94 58 97 14 70 33 68 2 77 85 48 17 76 93 22 10 99 60 15 79 66 83 47 80 63 65 50 73 61 1 72 25 37 35 84 36 29 62 81 6 23 40 52 38 34 21 53 9 41 51 18 96 20 19 86
TEST 146 ARG:93 38 33 91 57 64 41 1 76 4 92 79 27 48 94 67 60 21 61 17 0 80 75 52 37 46 26 53 44 89 28 23 34 32 22 6 16 18 2 90 19 3 99 30 9 25 55 47 97 42 58 10 72 7 81 65 11 63 36 56 20 43 8 96 69 31 78 54 85 83 73 13 88 86 45 15 66 24 59 71 77 82 50 39 14 12 95 87 84 29 35 62 68 40 51 49 70 74 5 98
TEST 147 ARG:47 93 36 46 77 96 42 21 17 88 10 69 73 68 12 61 3 19 13 20 81 63 24 74 6 32 65 26 35 2 45 37 14 16 90 44 39 27 92 28 31 60 9 64 76 0 86 75 59 1 5 95 98 43 67 78 89 49 50 23 38 29 58 51 11 8 70 4 25 66 41 62 57 7 53 33 87 94 85 48 71 80 79 22 84 55 40 82 15 52 54 97 18 91 72 34 30 99 56 83
TEST 148 ARG:63 86 76 78 62 46 0 74 19 29 37 88 68 94 66 38 23 33 5 18 6 26 21 39 44 81 55 58 99 90 8 32 56 95 2 77 28 61 27 16 48 73 22 17 53 72 40 13 30 89 9 97 43 50 41 51 82 80 75 49 3 79 83 4 34 71 20 47 91 24 12 15 10 92 69 96 42 60 65 87 11 52 98 14 36 7 57 54 84 31 1 59 70 45 35 93 85 25 64 67
TEST 148 ARG:63 86 76 78 62 46 0 74 19 29 37 88 68 94 66 38 23 33 5 18 6 26 21 39 44 81 55 58 99 90 8 32 56 95 2 77 28 61 27 16 48 73 22 17 53 72 40 13 30 89 9 97 43 50 41 51 82 80 75 49 3 79 83 4 34 71 20 47 91 24 12 15 10 92 69 96 42 60 65 87 11 52 98 14 36 7 57 54 84 31 1 59 70 45 35 93 85 25 64 67
TEST 149 ARG:10 22 7 2 88 49 67 70 87 21 32 11 9 74 69 76 65 98 96 55 99 1 36 12 54 57 90 15 14 20 92 77 75 94 78 27 61 4 48 28 63 56 47 17 35 81 58 38 23 13 93 68 79 40 50 33 30 91 18 0 89 83 16 60 19 37 26 84 51 86 66 29 64 39 44 72 45 52 53 80 42 71 95 59 8 43 31 82 3 25 5 62 46 34 41 24 97 73 85 6
TEST 150 ARG:95 3 11 2 12 60 55 17 77 93 64 1 36 5 16 27 50 63 48 75 6 58 33 41 29 62 67 8 90 82 69 89 19 38 9 49 74 43 21 22 88 7 25 94 24 35 42 99 28 40 47 85 71 59 81 78 10 26 46 76 91 87 15 92 51 84 14 57 61 96 37 39 23 83 86 20 13 65 18 98 97 34 73 44 66 68 30 80 54 53 0 70 52 31 56 45 79 72 4 32
TEST 150 ARG:95 3 11 2 12 60 55 17 77 93 64 1 36 5 16 27 50 63 48 75 6 58 33 41 29 62 67 8 90 82 69 89 19 38 9 49 74 43 21 22 88 7 25 94 24 35 42 99 28 40 47 85 71 59 81 78 10 26 46 76 91 87 15 92 51 84 14 57 61 96 37 39 23 83 86 20 13 65 18 98 97 34 73 44 66 68 30 80 54 53 0 70 52 31 56 45 79 72 4 32
TEST 151 ARG:16 49 96 36 73 53 59 15 94 69 29 70 4 30 85 17 93 3 25 20 18 46 1 33 54 77 37 58 5 87 76 91 8 64 51 66 65 6 79 98 40 99 35 27 80 52 48 41 89 97 0 31 12 61 68 71 21 92 95 88 84 7 55 47 23 63 78 26 38 9 86 19 81 22 2 13 62 44 67 11 50 28 10 90 75 56 34 42 82 72 14 45 57 43 32 60 39 83 74 24
TEST 151 ARG:16 49 96 36 73 53 59 15 94 69 29 70 4 30 85 17 93 3 25 20 18 46 1 33 54 77 37 58 5 87 76 91 8 64 51 66 65 6 79 98 40 99 35 27 80 52 48 41 89 97 0 31 12 61 68 71 21 92 95 88 84 7 55 47 23 63 78 26 38 9 86 19 81 22 2 13 62 44 67 11 50 28 10 90 75 56 34 42 82 72 14 45 57 43 32 60 39 83 74 24
TEST 152 ARG:83 52 0 93 14 43 32 7 33 59 42 47 5 60 57 6 3 9 86 24 11 58 41 15 44 82 96 71 77 26 68 35 61 34 56 40 53 13 1 90 25 91 70 2 80 63 17 76 18 21 36 85 23 97 78 12 4 28 45 64 51 65 84 98 48 20 92 72 38 67 46 88 49 39 10 55 62 95 66 73 31 81 99 54 30 27 89 29 22 8 37 75 87 74 79 19 50 16 69 94
TEST 152 ARG:83 52 0 93 14 43 32 7 33 59 42 47 5 60 57 6 3 9 86 24 11 58 41 15 44 82 96 71 77 26 68 35 61 34 56 40 53 13 1 90 25 91 70 2 80 63 17 76 18 21 36 85 23 97 78 12 4 28 45 64 51 65 84 98 48 20 92 72 38 67 46 88 49 39 10 55 62 95 66 73 31 81 99 54 30 27 89 29 22 8 37 75 87 74 79 19 50 16 69 94
TEST 153 ARG:58 86 55 47 66 92 25 79 8 65 33 34 85 78 46 93 71 91 51 16 29 68 73 54 40 67 14 36 43 56 62 4 11 2 63 3 41 12 35 83 0 87 52 64 70 31 61 21 37 72 59 19 53 7 88 22 81 57 69 20 1 98 82 23 28 17 24 10 15 96 90 38 95 75 6 60 18 89 48 99 5 74 84 42 80 13 30 32 97 9 39 44 27 45 76 26 50 94 49 77
TEST 153 ARG:58 86 55 47 66 92 25 79 8 65 33 34 85 78 46 93 71 91 51 16 29 68 73 54 40 67 14 36 43 56 62 4 11 2 63 3 41 12 35 83 0 87 52 64 70 31 61 21 37 72 59 19 53 7 88 22 81 57 69 20 1 98 82 23 28 17 24 10 15 96 90 38 95 75 6 60 18 89 48 99 5 74 84 42 80 13 30 32 97 9 39 44 27 45 76 26 50 94 49 77
TEST 154 ARG:49 20 42 55 48 44 29 60 16 72 69 3 38 35 19 78 83 15 91 24 73 41 11 39 64 1 40 62 58 57 13 86 22 26 12 92 93 36 70 9 66 51 17 4 97 2 71 54 8 34 43 37 18 89 52 68 84 74 85 5 0 98 31 94 96 95 56 80 76 81 87 77 75 27 53 45 90 82 47 67 88 99 46 14 63 59 21 28 25 10 6 30 23 7 32 61 65 50 33 79
TEST 155 ARG:15 2 3 81 12 74 18 17 19 97 55 47 33 65 22 68 4 75 37 34 57 44 87 52 70 86 8 89 78 93 25 77 50 76 61 53 95 90 14 42 64 72 99 5 63 16 71 43 11 9 82 49 32 69 26 13 45 23 46 94 6 41 91 10 24 1 92 21 29 51 58 83 27 85 62 73 79 28 48 36 84 60 98 20 30 80 54 38 40 96 56 35 7 66 88 67 59 39 0 31
TEST 156 ARG:39 3 19 52 37 35 10 25 15 43 31 56 9 38 60 18 11 93 96 16 47 20 61 55 67 1 65 81 29 32 63 86 92 17 90 97 33 40 94 95 76 0 72 59 79 64 13 99 26 30 80 4 49 2 51 68 53 91 57 50 62 87 83 41 85 23 44 73 42 12 6 89 45 8 36 69 71 14 82 22 98 78 54 27 34 48 66 75 5 24 7 70 84 28 74 58 21 88 46 77
TEST 156 ARG:39 3 19 52 37 35 10 25 15 43 31 56 9 38 60 18 11 93 96 16 47 20 61 55 67 1 65 81 29 32 63 86 92 17 90 97 33 40 94 95 76 0 72 59 79 64 13 99 26 30 80 4 49 2 51 68 53 91 57 50 62 87 83 41 85 23 44 73 42 12 6 89 45 8 36 69 71 14 82 22 98 78 54 27 34 48 66 75 5 24 7 70 84 28 74 58 21 88 46 77
TEST 157 ARG:69 80 97 13 15 32 41 35 96 21 94 1 9 19 98 64 68 48 99 65 49 88 0 31 27 20 85 36 12 59 28 4 62 77 45 6 26 2 63 61 74 17 30 79 72 22 3 33 71 23 24 47 76 10 40 43 55 29 42 90 75 18 83 60 91 37 78 39 34 73 66 82 58 46 89 95 67 93 25 52 5 53 56 87 14 70 84 81 51 7 86 8 11 44 57 50 16 38 54 92
TEST 158 ARG:38 88 31 7 3 40 68 86 12 97 2 87 0 8 69 25 98 57 79 96 10 19 92 95 90 46 17 15 21 62 28 49 13 18 59 72 27 43 37 83 91 34 39 1 80 50 52 66 14 99 70 35 65 51 67 53 4 33 20 82 77 56 76 93 24 9 54 16 94 55 61 63 78 36 44 84 58 85 29 81 74 11 64 73 23 45 47 71 22 75 26 5 6 42 41 48 60 89 32 30
TEST 158 ARG:38 88 31 7 3 40 68 86 12 97 2 87 0 8 69 25 98 57 79 96 10 19 92 95 90 46 17 15 21 62 28 49 13 18 59 72 27 43 37 83 91 34 39 1 80 50 52 66 14 99 70 35 65 51 67 53 4 33 20 82 77 56 76 93 24 9 54 16 94 55 61 63 78 36 44 84 58 85 29 81 74 11 64 73 23 45 47 71 22 75 26 5 6 42 41 48 60 89 32 30
TEST 159 ARG:30 91 85 94 53 99 12 35 75 41 2 80 68 66 27 31 57 33 24 89 88 49 50 32 58 16 13 10 83 96 1 81 37 40 55 4 8 28 61 42 22 93 17 74 77 51 90 46 54 72 67 6 36 64 71 56 97 25 5 79 15 70 11 38 29 45 52 78 87 65 82 44 20 76 3 86 34 69 95 60 26 21 7 63 43 92 18 14 19 84 98 39 73 48 62 0 59 47 23 9
TEST 159 ARG:30 91 85 94 53 99 12 35 75 41 2 80 68 66 27 31 57 33 24 89 88 49 50 32 58 16 13 10 83 96 1 81 37 40 55 4 8 28 61 42 22 93 17 74 77 51 90 46 54 72 67 6 36 64 71 56 97 25 5 79 15 70 11 38 29 45 52 78 87 65 82 44 20 76 3 86 34 69 95 60 26 21 7 63 43 92 18 14 19 84 98 39 73 48 62 0 59 47 23 9
TEST 160 ARG:26 48 31 69 4 27 68 50 96 64 39 84 98 62 73 87 60 89 80 67 9 25 72 90 29 97 66 63 65 23 6 54 19 52 34 85 88 61 46 82 37 22 44 35 71 0 15 32 30 92 13 78 59 91 77 12 74 99 47 2 38 86 42 21 16 18 51 75 14 53 55 76 49 57 45 81 41 40 1 58 11 79 10 33 93 3 20 70 24 5 7 43 36 28 17 8 95 94 56 83
TEST 161 ARG:85 98 77 33 81 45 49 6 7 80 64 60 84 89 65 38 73 50 36 30 86 20 24 95 27 55 22 3 4 88 83 9 93 32 25 75 78 37 66 94 40 62 59 42 39 31 28 23 46 52 34 26 41 71 76 29 72 63 12 16 10 8 19 67 5 54 61 97 53 82 51 1 21 90 87 56 2 79 15 48 0 14 18 35 17 70 69 74 43 68 96 58 92 99 47 13 44 57 91 11
TEST 162 ARG:8 97 71 21 89 39 75 96 54 16 85 58 31 20 6 27 2 40 12 19 24 77 26 51 65 5 13 94 76 55 37 25 69 50 32 30 83 48 60 34 68 1 99 49 80 33 35 86 47 79 14 92 64 88 67 73 62 56 57 44 22 87 17 66 15 53 0 43 84 23 63 7 42 93 95 59 38 72 81 28 46 78 4 11 61 45 29 74 18 41 91 9 70 52 3 36 98 90 10 82
TEST 162 ARG:8 97 71 21 89 39 75 96 54 16 85 58 31 20 6 27 2 40 12 19 24 77 26 51 65 5 13 94 76 55 37 25 69 50 32 30 83 48 60 34 68 1 99 49 80 33 35 86 47 79 14 92 64 88 67 73 62 56 57 44 22 87 17 66 15 53 0 43 84 23 63 7 42 93 95 59 38 72 81 28 46 78 4 11 61 45 29 74 18 41 91 9 70 52 3 36 98 90 10 82
TEST 163 ARG:68 86 24 54 87 66 62 38 37 59 76 41 61 91 26 18 16 57 3 81 50 28 97 22 35 49 19 7 93 70 39 47 88 98 6 48 20 17 63 43 52 5 84 11 79 95 71 30 67 53 29 69 14 27 64 25 96 42 51 32 82 78 8 9 74 36 45 85 4 83 44 10 89 65 56 75 80 34 0 21 2 92 94 13 12 15 72 40 73 1 46 99 31 55 33 60 58 23 77 90
TEST 163 ARG:68 86 24 54 87 66 62 38 37 59 76 41 61 91 26 18 16 57 3 81 50 28 97 22 35 49 19 7 93 70 39 47 88 98 6 48 20 17 63 43 52 5 84 11 79 95 71 30 67 53 29 69 14 27 64 25 96 42 51 32 82 78 8 9 74 36 45 85 4 83 44 10 89 65 56 75 80 34 0 21 2 92 94 13 12 15 72 40 73 1 46 99 31 55 33 60 58 23 77 90
TEST 164 ARG:32 55 85 82 1 48 95 72 62 90 89 67 16 97 51 87 28 93 68 5 8 36 0 91 77 14 94 18 65 58 26 43 79 47 6 31 71 63 86 70 57 88 33 46 2 76 98 49 9 10 27 37 11 13 44 30 53 22 3 60 75 54 59 66 15 40 41 61 99 39 23 56 17 35 96 64 50 80 7 81 12 83 21 74 19 34 84 42 69 38 73 25 45 24 52 29 20 78 92 4
TEST 165 ARG:62 93 96 1 75 95 21 26 42 7 23 56 2 46 38 53 66 5 18 4 70 29 65 20 87 31 0 44 32 90 82 13 55 51 89 16 99 11 57 10 98 74 8 6 63 76 84 47 35 39 60 28 77 78 48 79 88 58 33 37 81 71 22 61 14 59 73 97 72 30 86 80 50 49 3 52 41 94 9 85 27 36 19 34 83 92 64 67 15 68 45 40 12 91 24 43 25 69 17 54
TEST 165 ARG:62 93 96 1 75 95 21 26 42 7 23 56 2 46 38 53 66 5 18 4 70 29 65 20 87 31 0 44 32 90 82 13 55 51 89 16 99 11 57 10 98 74 8 6 63 76 84 47 35 39 60 28 77 78 48 79 88 58 33 37 81 71 22 61 14 59 73 97 72 30 86 80 50 49 3 52 41 94 9 85 27 36 19 34 83 92 64 67 15 68 45 40 12 91 24 43 25 69 17 54
TEST 166 ARG:43 82 49 81 67 38 93 74 60 19 27 77 83 44 71 40 26 16 98 75 3 66 20 4 6 73 0 90 52 33 36 59 76 95 63 23 80 35 69 9 24 64 56 68 18 42 48 21 8 91 14 51 79 15 70 94 41 65 78 58 17 89 45 54 87 32 34 10 31 85 39 88 61 46 1 22 37 30 92 72 84 13 25 47 2 11 97 55 28 99 96 7 62 50 53 86 29 12 5 57
TEST 166 ARG:43 82 49 81 67 38 93 74 60 19 27 77 83 44 71 40 26 16 98 75 3 66 20 4 6 73 0 90 52 33 36 59 76 95 63 23 80 35 69 9 24 64 56 68 18 42 48 21 8 91 14 51 79 15 70 94 41 65 78 58 17 89 45 54 87 32 34 10 31 85 39 88 61 46 1 22 37 30 92 72 84 13 25 47 2 11 97 55 28 99 96 7 62 50 53 86 29 12 5 57
TEST 167 ARG:15 30 13 49 24 64 4 94 38 44 22 16 81 56 51 39 63 32 91 40 85 84 82 74 95 62 36 68 96 66 5 2 28 59 50 98 25 47 75 57 70 46 18 34 78 87 12 7 60 0 19 20 79 97 33 23 54 89 58 72 99 17 77 6 9 35 76 80 67 48 29 21 27 11 37 90 53 8 14 86 83 41 10 52 3 88 1 69 43 26 92 65 42 93 31 71 61 45 55 73
TEST 167 ARG:15 30 13 49 24 64 4 94 38 44 22 16 81 56 51 39 63 32 91 40 85 84 82 74 95 62 36 68 96 66 5 2 28 59 50 98 25 47 75 57 70 46 18 34 78 87 12 7 60 0 19 20 79 97 33 23 54 89 58 72 99 17 77 6 9 35 76 80 67 48 29 21 27 11 37 90 53 8 14 86 83 41 10 52 3 88 1 69 43 26 92 65 42 93 31 71 61 45 55 73
TEST 168 ARG:12 69 92 6 84 53 86 50 8 64 55 33 13 39 26 85 97 73 17 94 48 49 31 68 83 75 59 1 38 20 52 66 19 42 35 99 79 23 60 87 74 2 15 3 37 14 71 82 27 90 77 29 93 43 41 72 47 9 80 54 51 7 78 57 25 11 30 81 65 58 28 96 24 76 32 89 95 56 10 22 98 45 40 4 61 21 36 34 5 91 0 44 18 62 16 88 63 67 46 70
TEST 169 ARG:98 23 8 9 60 70 54 81 86 63 62 13 59 93 26 53 97 14 11 30 94 18 0 41 46 27 35 74 3 64 7 40 77 48 50 57 58 91 69 44 24 72 66 88 84 42 47 21 20 78 28 25 52 33 16 80 90 6 68 43 83 39 92 49 38 82 55 34 1 89 17 85 73 10 29 15 79 71 67 19 56 87 99 76 22 51 12 31 5 75 2 65 61 32 96 45 4 36 37 95
TEST 170 ARG:19 10 29 58 59 25 38 78 47 75 71 67 34 40 7 28 36 52 83 42 4 80 12 37 30 17 97 50 77 85 55 2 48 49 93 68 26 90 91 81 15 14 39 5 16 20 64 66 89 63 53 96 82 56 31 88 41 76 98 1 6 57 72 60 27 46 9 86 8 35 92 32 70 13 21 99 24 62 0 3 11 22 87 51 74 43 61 65 33 54 69 23 44 95 45 79 73 18 84 94
TEST 170 ARG:19 10 29 58 59 25 38 78 47 75 71 67 34 40 7 28 36 52 83 42 4 80 12 37 30 17 97 50 77 85 55 2 48 49 93 68 26 90 91 81 15 14 39 5 16 20 64 66 89 63 53 96 82 56 31 88 41 76 98 1 6 57 72 60 27 46 9 86 8 35 92 32 70 13 21 99 24 62 0 3 11 22 87 51 74 43 61 65 33 54 69 23 44 95 45 79 73 18 84 94
TEST 171 ARG:4 96 6 83 9 23 26 37 17 53 0 10 94 18 68 47 60 76 50 21 25 46 7 52 98 78 99 59 73 77 79 40 43 49 15 74 70 65 30 12 45 5 69 67 44 95 31 29 57 51 91 38 2 35 64 8 88 11 14 16 42 86 1 20 34 27 85 48 36 71 33 39 56 89 58 87 97 24 54 41 80 82 92 13 19 22 32 81 63 90 62 84 66 55 75 72 61 3 28 93
TEST 171 ARG:4 96 6 83 9 23 26 37 17 53 0 10 94 18 68 47 60 76 50 21 25 46 7 52 98 78 99 59 73 77 79 40 43 49 15 74 70 65 30 12 45 5 69 67 44 95 31 29 57 51 91 38 2 35 64 8 88 11 14 16 42 86 1 20 34 27 85 48 36 71 33 39 56 89 58 87 97 24 54 41 80 82 92 13 19 22 32 81 63 90 62 84 66 55 75 72 61 3 28 93
TEST 172 ARG:72 16 88 54 82 30 66 69 4 42 1 14 29 52 41 6 12 61 18 17 59 44 9 21 26 60 38 31 97 96 83 53 79 49 27 74 47 84 62 76 73 67 55 68 5 34 45 90 50 86 48 58 25 85 81 95 70 10 37 32 46 3 20 94 89 19 77 93 92 36 91 99 11 15 51 35 98 24 7 2 40 56 28 64 8 39 65 23 63 22 87 78 75 57 0 33 80 43 71 13
TEST 173 ARG:16 88 54 67 52 50 33 62 44 32 8 64 9 22 63 23 59 11 91 17 93 25 94 19 34 29 40 36 84 79 60 46 97 71 86 56 58 49 98 21 72 31 90 1 78 42 18 51 3 28 0 95 75 43 87 2 41 38 76 13 5 30 83 45 48 4 77 39 37 81 27 7 66 85 47 55 53 26 57 80 92 10 69 61 68 70 15 73 24 20 82 96 35 12 99 14 6 65 74 89
TEST 173 ARG:16 88 54 67 52 50 33 62 44 32 8 64 9 22 63 23 59 11 91 17 93 25 94 19 34 29 40 36 84 79 60 46 97 71 86 56 58 49 98 21 72 31 90 1 78 42 18 51 3 28 0 95 75 43 87 2 41 38 76 13 5 30 83 45 48 4 77 39 37 81 27 7 66 85 47 55 53 26 57 80 92 10 69 61 68 70 15 73 24 20 82 96 35 12 99 14 6 65 74 89
TEST 174 ARG:99 24 11 27 22 76 66 85 59 28 65 38 53 23 46 63 32 36 48 51 92 17 26 3 34 87 31 56 25 10 96 79 89 91 20 73 14 55 61 2 67 15 98 52 95 50 33 93 7 9 94 78 42 84 44 43 74 45 6 80 86 83 60 18 70 1 68 97 39 57 47 40 62 21 49 72 75 90 29 37 13 12 5 0 69 71 54 88 16 64 30 8 82 77 4 19 41 58 81 35
TEST 174 ARG:99 24 11 27 22 76 66 85 59 28 65 38 53 23 46 63 32 36 48 51 92 17 26 3 34 87 31 56 25 10 96 79 89 91 20 73 14 55 61 2 67 15 98 52 95 50 33 93 7 9 94 78 42 84 44 43 74 45 6 80 86 83 60 18 70 1 68 97 39 57 47 40 62 21 49 72 75 90 29 37 13 12 5 0 69 71 54 88 16 64 30 8 82 77 4 19 41 58 81 35
TEST 175 ARG:28 59 99 23 50 6 51 56 54 78 93 89 76 13 87 90 96 88 39 63 65 18 43 24 38 47 83 73 46 14 11 85 21 37 10 30 80 68 19 97 82 45 4 17 72 74 0 12 86 42 7 31 71 62 35 79 91 1 98 57 27 29 48 52 40 95 70 77 33 15 20 32 16 34 75 2 49 9 92 66 26 81 94 41 67 44 8 3 22 61 84 36 69 60 5 25 53 58 55 64
TEST 175 ARG:28 59 99 23 50 6 51 56 54 78 93 89 76 13 87 90 96 88 39 63 65 18 43 24 38 47 83 73 46 14 11 85 21 37 10 30 80 68 19 97 82 45 4 17 72 74 0 12 86 42 7 31 71 62 35 79 91 1 98 57 27 29 48 52 40 95 70 77 33 15 20 32 16 34 75 2 49 9 92 66 26 81 94 41 67 44 8 3 22 61 84 36 69 60 5 25 53 58 55 64
TEST 176 ARG:33 37 18 63 41 8 90 64 59 96 75 5 98 84 19 10 99 4 71 76 49 85 60 70 93 95 89 31 54 40 12 36 30 34 29 81 57 92 74 21 23 27 65 78 32 14 24 35 73 53 39 0 62 97 44 50 13 45 20 48 80 91 79 66 43 77 25 55 2 15 69 6 82 87 16 52 51 67 86 11 7 56 61 42 94 22 83 17 68 1 26 47 46 38 3 72 58 9 88 28
TEST 177 ARG:51 80 67 49 12 11 1 2 19 39 42 36 43 32 58 22 46 16 83 81 26 89 45 75 24 6 37 29 92 54 57 7 87 94 84 55 47 10 97 15 9 69 53 31 60 71 27 62 23 86 30 5 93 66 65 56 74 33 79 0 17 78 35 59 72 18 98 13 28 64 91 76 70 48 4 68 40 34 41 63 95 82 90 99 38 50 3 25 8 52 21 14 85 96 20 44 77 88 61 73
TEST 177 ARG:51 80 67 49 12 11 1 2 19 39 42 36 43 32 58 22 46 16 83 81 26 89 45 75 24 6 37 29 92 54 57 7 87 94 84 55 47 10 97 15 9 69 53 31 60 71 27 62 23 86 30 5 93 66 65 56 74 33 79 0 17 78 35 59 72 18 98 13 28 64 91 76 70 48 4 68 40 34 41 63 95 82 90 99 38 50 3 25 8 52 21 14 85 96 20 44 77 88 61 73
TEST 178 ARG:67 74 44 57 69 68 56 30 53 54 33 18 14 75 19 47 70 24 93 85 5 41 17 78 4 11 25 83 26 87 98 10 40 65 90 59 86 64 32 73 94 7 58 9 31 0 39 36 12 22 1 35 45 23 96 76 42 2 3 20 72 71 16 8 52 60 29 51 79 97 99 28 21 95 55 91 27 89 46 63 88 49 13 77 84 6 61 92 37 62 80 34 82 15 43 66 48 38 50 81
TEST 179 ARG:81 35 94 61 67 90 53 85 0 45 55 6 56 50 15 32 95 97 44 26 48 74 54 83 40 46 70 36 82 75 73 64 66 18 10 71 98 28 3 33 21 58 30 38 78 42 65 91 22 87 59 1 43 79 77 49 41 17 60 31 80 92 27 13 29 96 5 8 14 72 4 57 63 7 68 76 84 19 52 16 86 99 93 25 11 23 12 20 89 34 62 2 9 39 69 37 47 51 24 88
TEST 180 ARG:66 5 78 63 33 65 54 35 57 71 38 74 62 9 58 88 51 64 89 94 53 56 91 67 14 37 48 87 19 83 93 11 7 76 41 72 81 13 60 18 70 39 55 30 50 22 36 40 59 79 44 68 75 52 80 69 96 17 25 28 12 21 97 32 27 8 15 95 85 99 6 31 61 47 0 16 84 43 86 29 82 42 90 4 34 98 73 46 23 49 10 3 24 2 20 26 77 1 45 92
TEST 181 ARG:85 97 45 30 83 35 82 41 29 94 13 69 63 51 12 24 49 58 8 14 81 93 20 25 91 66 92 80 53 36 65 26 37 62 55 76 40 2 23 99 96 68 75 70 39 64 88 44 48 72 95 79 57 10 28 60 59 78 17 71 54 33 18 7 42 19 21 87 6 84 67 3 74 77 22 47 5 31 11 98 1 4 90 56 52 46 61 73 50 0 15 86 43 16 34 38 27 9 89 32
TEST 182 ARG:86 28 4 19 76 60 90 81 33 67 18 75 15 93 52 98 37 17 49 65 55 32 78 59 84 35 95 26 62 45 63 43 48 39 34 71 21 44 41 69 94 11 16 85 73 8 51 61 50 89 1 56 82 31 99 23 13 68 58 66 22 92 53 70 42 7 46 25 14 3 88 9 54 20 74 30 97 96 5 87 57 64 80 6 47 0 12 36 77 38 79 10 40 27 72 2 83 29 24 91
TEST 182 ARG:86 28 4 19 76 60 90 81 33 67 18 75 15 93 52 98 37 17 49 65 55 32 78 59 84 35 95 26 62 45 63 43 48 39 34 71 21 44 41 69 94 11 16 85 73 8 51 61 50 89 1 56 82 31 99 23 13 68 58 66 22 92 53 70 42 7 46 25 14 3 88 9 54 20 74 30 97 96 5 87 57 64 80 6 47 0 12 36 77 38 79 10 40 27 72 2 83 29 24 91
TEST 183 ARG:28 94 6 66 49 9 7 14 68 84 42 50 96 80 36 57 89 19 74 56 93 78 77 41 18 99 51 97 52 76 85 32 82 58 17 55 34 79 1 54 29 65 45 8 21 70 90 35 91 2 27 62 69 37 16 53 25 44 0 20 83 12 5 67 39 71 47 31 23 48 15 81 4 30 24 40 95 46 88 75 3 60 38 72 13 10 43 22 73 26 33 59 11 64 87 61 98 63 86 92
TEST 183 ARG:28 94 6 66 49 9 7 14 68 84 42 50 96 80 36 57 89 19 74 56 93 78 77 41 18 99 51 97 52 76 85 32 82 58 17 55 34 79 1 54 29 65 45 8 21 70 90 35 91 2 27 62 69 37 16 53 25 44 0 20 83 12 5 67 39 71 47 31 23 48 15 81 4 30 24 40 95 46 88 75 3 60 38 72 13 10 43 22 73 26 33 59 11 64 87 61 98 63 86 92
TEST 184 ARG:20 73 93 61 36 63 44 90 24 41 54 53 60 21 11 13 84 88 70 51 7 39 80 67 85 32 72 98 45 25 3 75 79 81 35 19 17 65 43 56 12 50 66 78 23 30 83 1 47 52 46 94 22 69 87 58 28 89 49 29 92 42 10 15 91 38 27 5 77 71 33 0 64 95 8 18 76 6 99 74 48 55 14 40 57 96 86 16 26 37 82 34 62 4 2 9 97 68 31 59
TEST 185 ARG:82 35 66 74 94 53 33 42 89 49 16 6 9 59 79 5 23 64 36 58 26 40 27 62 14 52 51 96 34 1 3 85 18 60 29 88 54 0 45 75 37 32 57 69 13 10 47 25 21 95 91 92 86 48 84 2 28 87 72 80 39 81 22 63 76 7 15 93 73 20 71 56 4 98 24 99 38 43 46 50 67 11 77 68 65 97 31 55 83 61 41 17 44 8 19 70 90 78 30 12
TEST 185 ARG:82 35 66 74 94 53 33 42 89 49 16 6 9 59 79 5 23 64 36 58 26 40 27 62 14 52 51 96 34 1 3 85 18 60 29 88 54 0 45 75 37 32 57 69 13 10 47 25 21 95 91 92 86 48 84 2 28 87 72 80 39 81 22 63 76 7 15 93 73 20 71 56 4 98 24 99 38 43 46 50 67 11 77 68 65 97 31 55 83 61 41 17 44 8 19 70 90 78 30 12
TEST 186 ARG:9 64 68 87 6 33 35 44 94 96 26 3 63 16 73 84 36 74 1 5 66 54 79 57 11 75 95 56 48 76 92 80 47 34 22 12 52 85 23 7 82 24 14 78 25 67 15 28 41 46 45 40 98 90 62 2 20 29 72 13 37 86 59 8 69 50 65 30 71 93 61 43 81 21 0 83 39 99 51 49 42 10 77 31 88 17 4 55 89 58 27 19 60 97 18 38 70 91 53 32
TEST 186 ARG:9 64 68 87 6 33 35 44 94 96 26 3 63 16 73 84 36 74 1 5 66 54 79 57 11 75 95 56 48 76 92 80 47 34 22 12 52 85 23 7 82 24 14 78 25 67 15 28 41 46 45 40 98 90 62 2 20 29 72 13 37 86 59 8 69 50 65 30 71 93 61 43 81 21 0 83 39 99 51 49 42 10 77 31 88 17 4 55 89 58 27 19 60 97 18 38 70 91 53 32
TEST 187 ARG:25 10 97 53 26 80 68 37 1 65 3 81 22 41 89 55 39 20 59 72 23 4 86 7 48 17 69 58 71 99 2 31 29 92 64 70 90 12 5 76 88 27 44 93 21 47 15 73 38 28 96 60 50 78 83 79 85 84 30 87 57 95 42 34 35 66 56 62 16 0 45 24 9 61 74 36 19 94 63 46 18 6 98 33 14 77 67 43 40 51 49 91 13 11 32 82 75 52 8 54
TEST 187 ARG:25 10 97 53 26 80 68 37 1 65 3 81 22 41 89 55 39 20 59 72 23 4 86 7 48 17 69 58 71 99 2 31 29 92 64 70 90 12 5 76 88 27 44 93 21 47 15 73 38 28 96 60 50 78 83 79 85 84 30 87 57 95 42 34 35 66 56 62 16 0 45 24 9 61 74 36 19 94 63 46 18 6 98 33 14 77 67 43 40 51 49 91 13 11 32 82 75 52 8 54
TEST 188 ARG:91 23 72 1 5 27 60 26 21 34 37 86 19 49 98 16 22 97 77 78 15 32 29 48 33 9 61 54 38 41 65 36 51 12 64 50 88 99 10 25 44 56 85 13 82 39 46 53 20 28 14 79 89 84 95 4 24 73 43 0 80 93 71 83 63 90 87 55 52 6 58 7 2 70 8 76 67 57 62 81 74 42 11 17 96 69 35 3 31 94 66 68 18 75 92 59 30 47 45 40
TEST 189 ARG:32 42 68 61 24 1 10 50 51 70 99 45 62 65 29 33 36 88 80 15 44 55 7 58 63 76 37 25 90 39 31 4 6 92 47 97 54 2 9 34 87 14 71 66 11 8 5 41 81 0 73 98 67 59 85 23 52 64 86 43 22 83 53 13 95 17 60 78 96 48 91 12 72 21 35 56 84 75 19 49 79 94 28 3 38 93 74 18 57 20 16 82 40 69 27 46 26 77 89 30
TEST 189 ARG:32 42 68 61 24 1 10 50 51 70 99 45 62 65 29 33 36 88 80 15 44 55 7 58 63 76 37 25 90 39 31 4 6 92 47 97 54 2 9 34 87 14 71 66 11 8 5 41 81 0 73 98 67 59 85 23 52 64 86 43 22 83 53 13 95 17 60 78 96 48 91 12 72 21 35 56 84 75 19 49 79 94 28 3 38 93 74 18 57 20 16 82 40 69 27 46 26 77 89 30
TEST 190 ARG:87 48 94 96 90 42 67 78 47 4 72 54 44 64 16 30 5 34 45 39 88 69 73 93 18 33 21 57 74 12 63 53 70 6 28 97 43 25 17 95 23 60 58 11 51 27 55 89 75 56 98 61 31 29 10 79 83 3 2 1 36 20 37 7 77 15 0 65 41 86 52 66 24 62 68 84 99 85 35 71 38 80 19 82 50 22 26 13 9 81 8 32 91 46 14 59 49 40 76 92
TEST 191 ARG:74 0 15 39 67 44 98 42 95 21 3 94 57 75 89 7 33 63 61 50 70 62 36 17 53 9 93 8 48 26 68 91 29 5 28 69 40 10 72 77 86 64 6 65 71 55 46 18 85 25 23 12 1 14 52 66 35 81 27 60 90 19 41 30 31 96 58 56 79 82 97 49 2 84 73 88 54 99 37 24 38 16 4 51 47 80 34 32 11 13 83 87 45 76 43 59 78 92 20 22
